Geography,TotalPop,MalePop,FemalePop,MedianAge,MaleMedianAge,FemaleMedianAge,Under5yoPop,Under18yoPop,Pop21andOlder,Pop55andOlder,Pop60andOlder,Pop65andOlder,PercFemale,PercUnder18yo
California,39538223,19549003,19989220,37.5,36.3,38.7,2137439,8711118,29188764,10887954,8367217,6017164,50.6,22
Alameda County,1682353,824426,857927,37.7,36.9,38.5,89533,343965,1270547,440539,335671,240483,51,20.4
Alameda city,78280,37328,40952,41.4,40,42.9,4118,15609,60466,23747,18623,13711,52.3,19.9
Albany city,20271,9657,10614,36.3,34.6,37.8,1057,4382,14403,5046,3992,3036,52.4,21.6
Ashland CDP,23823,11657,12166,34.5,33.7,35.3,1508,5685,17212,5152,3718,2439,51.1,23.9
Berkeley city,124321,60913,63408,31.3,30.9,31.7,4097,15394,92716,30312,24485,18926,51,12.4
Castro Valley CDP,66441,32275,34166,40.9,40,41.9,3520,14316,49881,20782,15958,11229,51.4,21.5
Cherryland CDP,15808,7935,7873,35.2,34.9,35.4,982,3733,11417,3612,2689,1831,49.8,23.6
Dublin city,72589,34737,37852,36.4,36,36.8,4900,19085,51517,12580,8868,5972,52.1,26.3
Emeryville city,12905,6278,6627,35,34.7,35.4,578,1395,11292,2652,2067,1508,51.4,10.8
Fairview CDP,11341,5631,5710,41.3,40.3,42.6,617,2163,8836,3731,2895,2069,50.3,19.1
Fremont city,230504,115285,115219,38,37.4,38.5,13494,54013,169599,57410,42790,30066,50,23.4
Hayward city,162954,80326,82628,36.2,35.5,36.9,9387,34564,121480,41032,30644,21240,50.7,21.2
Livermore city,87955,43572,44383,39.9,38.9,40.9,5000,19538,65439,25538,18647,12797,50.5,22.2
Newark city,47529,23924,23605,36.8,36,37.7,3179,9786,36166,12271,9099,6328,49.7,20.6
Oakland city,440646,214508,226138,37.2,36.6,37.7,23210,84252,343201,109149,84326,61534,51.3,19.1
Piedmont city,11270,5531,5739,45.7,44.8,46.5,487,2986,7886,3898,3107,2382,50.9,26.5
Pleasanton city,79871,39043,40828,41.4,40.5,42.2,3543,19151,57861,23223,17197,12408,51.1,24
San Leandro city,91008,43854,47154,40.7,39.1,42.3,4562,17334,70566,28429,21761,15346,51.8,19
San Lorenzo CDP,29581,14479,15102,39.4,38,40.6,1543,6293,22196,8501,6487,4479,51.1,21.3
Sunol CDP,922,464,458,51.7,51.5,52.2,27,132,759,428,335,247,49.7,14.3
Union City city,70143,34908,35235,39.6,37.8,41.4,3580,13409,54331,21226,16556,11881,50.2,19.1
Alpine County,1204,633,571,50.1,50.4,49,52,195,979,529,418,301,47.4,16.2
Alpine Village CDP,224,106,118,55,55.5,54.5,3,28,194,112,84,68,52.7,12.5
Bear Valley CDP,128,76,52,54,56,48,9,25,98,64,52,40,40.6,19.5
Kirkwood CDP (part),108,75,33,32,29.8,48.8,1,6,98,31,23,15,30.6,5.6
Markleeville CDP,191,110,81,57.6,58.8,46.9,6,26,155,105,83,56,42.4,13.6
Mesa Vista CDP,217,109,108,55.5,55.8,54.5,6,25,191,110,97,64,49.8,11.5
Amador County,40474,22067,18407,51.6,49.8,54.2,1648,6432,33133,18513,15109,11480,45.5,15.9
Amador City city,200,96,104,46.5,40.6,53,15,31,166,85,71,58,52,15.5
Amador Pines CDP,1118,550,568,61.6,60.3,62.9,34,122,980,692,595,446,50.8,10.9
Buckhorn CDP,2597,1394,1203,59.5,60.5,58.4,71,355,2195,1488,1280,948,46.3,13.7
Buena Vista CDP,542,284,258,41.3,42.3,40.3,33,127,390,203,157,102,47.6,23.4
Camanche North Shore CDP,1070,559,511,41,40.6,41.6,67,258,787,374,288,201,47.8,24.1
Camanche Village CDP,964,467,497,45.5,43.4,48.4,57,245,697,313,220,162,51.6,25.4
Drytown CDP,186,98,88,51.5,49.5,56.5,10,22,162,89,74,62,47.3,11.8
Fiddletown CDP,279,124,155,57.1,57.6,56.4,8,44,229,150,130,98,55.6,15.8
Ione city,5141,2641,2500,43.6,41.5,45.7,304,1087,3903,1845,1501,1139,48.6,21.1
Jackson city,5019,2312,2707,49.2,43.3,54.1,249,973,3925,2184,1873,1527,53.9,19.4
Kirkwood CDP (part),82,46,36,56,58,49.5,1,5,74,46,25,15,43.9,6.1
Lockwood CDP,495,297,198,61.1,61.5,59.7,10,47,438,299,260,183,40,9.5
Martell CDP,207,106,101,53.9,53.4,54.3,17,49,151,95,65,60,48.8,23.7
Pine Grove CDP,2891,1474,1417,55.7,53,58.5,131,452,2373,1472,1216,901,49,15.6
Pioneer CDP,1066,546,520,56.8,55.3,58.6,27,154,903,574,450,355,48.8,14.4
Plymouth city,1078,530,548,46.8,44.5,48.2,50,215,826,430,342,251,50.8,19.9
Red Corral CDP,1687,805,882,50.9,50.3,51.6,65,291,1304,774,644,530,52.3,17.2
River Pines CDP,390,185,205,53.8,43.2,56.8,19,86,300,189,151,95,52.6,22.1
Sutter Creek city,2646,1234,1412,49.2,45.6,52.6,123,494,2075,1171,969,767,53.4,18.7
Volcano CDP,104,38,66,55.5,52,60,1,17,85,53,48,41,63.5,16.3
Butte County,211632,104641,106991,37.9,36.9,39,11199,43293,156699,66939,54054,40155,50.6,20.5
Bangor CDP,695,353,342,45.5,46.8,43,46,154,519,252,205,139,49.2,22.2
Berry Creek CDP,1637,905,732,55.5,53.6,56.3,71,216,1382,836,671,481,44.7,13.2
Biggs city,1964,966,998,35.4,33.1,37,133,543,1335,540,400,271,50.8,27.6
Butte Creek Canyon CDP,780,375,405,58.4,60.4,56.9,22,122,643,431,365,277,51.9,15.6
Butte Meadows CDP,74,38,36,40.3,44,32.5,3,9,62,29,27,21,48.6,12.2
Butte Valley CDP,945,452,493,48.7,43,52,55,189,733,389,322,217,52.2,20
Cherokee CDP,88,51,37,45.5,39.5,57.1,6,22,61,35,21,13,42,25
Chico city,101475,49182,52293,33.2,32,34.4,5247,19373,73970,26278,21276,15999,51.5,19.1
Clipper Mills CDP,160,78,82,60.1,64.3,54,6,27,132,88,81,63,51.3,16.9
Cohasset CDP,830,445,385,50.3,51.3,49.4,35,146,672,359,294,226,46.4,17.6
Concow CDP,402,249,153,50.3,50.8,50.1,21,55,333,177,148,103,38.1,13.7
Durham CDP,5834,2952,2882,45.3,44.4,45.9,273,1269,4399,2161,1746,1341,49.4,21.8
Forbestown CDP,396,225,171,48.2,44.1,54,21,96,289,154,121,85,43.2,24.2
Forest Ranch CDP,1304,690,614,51.8,51,53,57,238,1038,594,481,350,47.1,18.3
Gridley city,7421,3638,3783,36.1,34.2,37.4,495,1980,5175,2009,1590,1169,51,26.7
Honcut CDP,306,168,138,45.3,43.7,47,16,65,224,115,85,63,45.1,21.2
Kelly Ridge CDP,3006,1485,1521,55.3,54.4,56.9,115,457,2470,1514,1326,1024,50.6,15.2
Magalia CDP,7795,3971,3824,49.6,48.4,50.8,326,1407,6168,3374,2741,2001,49.1,18.1
Nord CDP,286,156,130,47.2,51.4,41.6,15,57,218,110,84,61,45.5,19.9
Oroville city,20042,9940,10102,34.7,33.8,35.9,1381,5151,14158,5474,4270,3089,50.4,25.7
Oroville East CDP,8038,3962,4076,48.6,47,50,414,1590,6246,3475,2863,2191,50.7,19.8
Palermo CDP,5555,2820,2735,42.8,42.7,43,275,1222,4105,1963,1548,1148,49.2,22
Paradise town,4764,2395,2369,55.6,54.4,56.3,167,687,3968,2432,2029,1497,49.7,14.4
Rackerby CDP,210,127,83,52.5,51.3,58.8,8,44,165,104,94,69,39.5,21
Richvale CDP,234,130,104,39,33.7,48,17,58,171,84,71,58,44.4,24.8
Robinson Mill CDP,89,44,45,52.5,44.6,57.8,1,5,81,42,37,29,50.6,5.6
South Oroville CDP,3235,1652,1583,33.8,33,35.5,204,896,2220,844,654,413,48.9,27.7
Stirling City CDP,284,156,128,46,49,43,13,67,212,126,95,69,45.1,23.6
Thermalito CDP,7198,3625,3573,38.5,37.4,39.2,447,1661,5284,2287,1761,1256,49.6,23.1
Yankee Hill CDP,260,124,136,47.5,46,51,8,39,209,104,88,63,52.3,15
Calaveras County,45292,22754,22538,51.6,50.2,52.9,1962,7955,36068,20737,17125,12762,49.8,17.6
Angels city,3667,1732,1935,51.6,49.2,54.2,171,669,2903,1694,1447,1122,52.8,18.2
Arnold CDP,3288,1668,1620,57.3,57.4,57.2,128,509,2706,1760,1507,1162,49.3,15.5
Avery CDP,636,297,339,56,55.5,56.1,39,99,518,323,258,170,53.3,15.6
Copperopolis CDP,3400,1687,1713,51.1,51.1,51,152,620,2689,1483,1244,882,50.4,18.2
Dorrington CDP,519,306,213,61,61.2,60.9,15,43,462,328,269,215,41,8.3
Forest Meadows CDP,1276,642,634,58.6,57.3,59.2,46,190,1053,683,603,491,49.7,14.9
Mokelumne Hill CDP,691,367,324,53.3,48.6,58.7,45,122,555,330,286,226,46.9,17.7
Mountain Ranch CDP,223,102,121,59.9,51.3,65.5,10,27,194,127,111,96,54.3,12.1
Murphys CDP,1995,904,1091,60.9,57.5,62.6,45,269,1689,1155,1036,837,54.7,13.5
Rail Road Flat CDP,316,145,171,58.3,61.6,56.6,11,41,263,183,143,108,54.1,13
Rancho Calaveras CDP,5590,2866,2724,45.6,43.7,47.8,259,1133,4269,2094,1650,1170,48.7,20.3
San Andreas CDP,2994,1478,1516,46.2,42.5,49.7,156,605,2296,1195,1020,770,50.6,20.2
Vallecito CDP,442,238,204,44.6,46,43,25,100,327,183,156,112,46.2,22.6
Valley Springs CDP,3779,1871,1908,44.5,42.8,46.4,183,812,2836,1423,1125,831,50.5,21.5
Wallace CDP,479,249,230,46.3,49.3,41.8,36,98,371,186,160,109,48,20.5
West Point CDP,688,335,353,54,56.3,50.3,38,125,549,337,283,197,51.3,18.2
Colusa County,21839,10996,10843,35.5,34.3,36.4,1407,6106,14851,5924,4596,3251,49.6,28
Arbuckle CDP,3484,1775,1709,32.8,31.2,34,234,1085,2255,746,538,349,49.1,31.1
College City CDP,292,132,160,39.6,39.6,38.5,13,72,202,87,77,62,54.8,24.7
Colusa city,6411,3189,3222,36.3,34.5,37.3,419,1780,4390,1799,1394,992,50.3,27.8
Grimes CDP,296,144,152,35.7,33.8,39,25,71,211,97,78,59,51.4,24
Lodoga CDP,184,88,96,58.3,59,57,3,28,155,108,84,67,52.2,15.2
Maxwell CDP,1067,573,494,34.5,33.9,35.1,57,295,731,282,215,156,46.3,27.6
Princeton CDP,309,166,143,45.5,42.4,49.3,11,58,236,123,100,58,46.3,18.8
Stonyford CDP,133,63,70,58.1,54.8,58.6,8,26,105,74,57,36,52.6,19.5
Williams city,5538,2728,2810,30.6,29.9,31.2,436,1757,3517,1121,846,607,50.7,31.7
Contra Costa County,1165927,568066,597861,40.1,38.8,41.2,62032,263255,859415,346492,266139,192799,51.3,22.6
Acalanes Ridge CDP,1285,641,644,47.6,47.4,47.9,59,268,978,483,404,305,50.1,20.9
Alamo CDP,15314,7553,7761,49.6,49.3,49.9,552,3407,11315,6367,4995,3720,50.7,22.2
Alhambra Valley CDP,805,393,412,53.1,51.5,54.3,24,142,644,383,299,223,51.2,17.6
Antioch city,115291,56110,59181,36.2,35,37.5,6745,28059,82254,30180,22123,14998,51.3,24.3
Bay Point CDP,23896,11862,12034,33.2,32.5,33.9,1498,6467,16260,4787,3463,2209,50.4,27.1
Bayview CDP,1782,880,902,45.3,40.4,48.3,71,310,1390,667,543,401,50.6,17.4
Bethel Island CDP,2131,1099,1032,54.6,55.2,53.6,70,288,1803,1048,808,559,48.4,13.5
Blackhawk CDP,9637,4662,4975,50.3,50,50.6,326,1960,7316,4069,3185,2397,51.6,20.3
Brentwood city,64292,31064,33228,39.3,38.2,40.3,3539,16822,44650,17932,13908,10426,51.7,26.2
Byron CDP,1140,599,541,39.4,42.1,37.5,56,261,828,335,255,167,47.5,22.9
Camino Tassajara CDP,4951,2397,2554,40.8,40.3,41.2,219,1614,3160,1023,691,499,51.6,32.6
Castle Hill CDP,1271,614,657,49.7,49.5,49.9,52,276,962,521,448,348,51.7,21.7
Clayton city,11070,5284,5786,48.6,47.3,49.7,481,2277,8369,4400,3408,2456,52.3,20.6
Clyde CDP,729,355,374,42.5,42.2,42.6,35,122,585,263,185,119,51.3,16.7
Concord city,125410,61945,63465,39.5,38.3,40.8,7153,25899,95356,37301,28545,20402,50.6,20.7
Contra Costa Centre CDP,6808,3321,3487,34.6,34.7,34.4,385,935,5765,1356,1017,675,51.2,13.7
Crockett CDP,3242,1559,1683,46.6,44.2,48.6,131,452,2728,1279,994,714,51.9,13.9
Danville town,43582,21060,22522,46,44.9,46.9,1793,10574,31342,15570,11766,8564,51.7,24.3
Diablo CDP,1255,639,616,49.8,49.7,49.9,46,268,932,493,404,259,49.1,21.4
Discovery Bay CDP,15358,7716,7642,43.9,43.2,44.5,781,3458,11374,5135,3784,2668,49.8,22.5
East Richmond Heights CDP,3460,1681,1779,47,45.4,48.3,170,604,2778,1368,1094,830,51.4,17.5
El Cerrito city,25962,12612,13350,42.6,41,44.1,1327,4639,20774,8597,6945,5293,51.4,17.9
El Sobrante CDP,15524,7671,7853,40.8,40,41.6,784,2983,12057,4863,3725,2597,50.6,19.2
Hercules city,26016,12493,13523,42.4,40.7,44.2,1263,4961,20247,8718,6756,4772,52,19.1
Kensington CDP,5428,2542,2886,50.5,49.4,51.6,227,959,4328,2361,1955,1566,53.2,17.7
Knightsen CDP,1596,832,764,40.7,41.8,39.7,68,349,1181,531,385,251,47.9,21.9
Lafayette city,25391,12423,12968,45.2,44.9,45.6,1176,6168,18478,8979,7152,5394,51.1,24.3
Martinez city,37287,18174,19113,42.9,41.2,44.6,1924,7180,28989,12743,9738,6827,51.3,19.3
Montalvin Manor CDP,3099,1532,1567,38.3,36.5,39.8,158,685,2275,895,694,501,50.6,22.1
Moraga town,16870,8108,8762,42.9,42.1,43.5,667,3688,11590,5579,4458,3383,51.9,21.9
Mountain View CDP,2622,1337,1285,38.5,38.2,39,140,571,1969,728,516,339,49,21.8
Norris Canyon CDP,1313,675,638,42.8,43.1,42.5,45,358,887,342,215,141,48.6,27.3
North Gate CDP,667,316,351,53.6,52.8,54.4,26,114,533,312,230,157,52.6,17.1
North Richmond CDP,4175,2106,2069,31.6,30.9,32.3,279,1176,2798,682,481,330,49.6,28.2
Oakley city,43357,21251,22106,35.6,34.7,36.6,2782,11588,29944,10094,7246,4778,51,26.7
Orinda city,19514,9586,9928,46.6,46,47.3,1003,4859,14079,7330,5875,4557,50.9,24.9
Pacheco CDP,4183,2020,2163,41.7,40.5,42.8,220,837,3204,1375,1067,720,51.7,20
Pinole city,19022,9061,9961,43.8,41.9,46.2,847,3396,15064,6946,5485,4068,52.4,17.9
Pittsburg city,76416,37209,39207,35.7,34.6,37,4734,18515,54728,18954,14177,9586,51.3,24.2
Pleasant Hill city,34613,16693,17920,41.7,40,43.6,1978,6735,26733,11418,8972,6622,51.8,19.5
Port Costa CDP,190,91,99,50.5,50.6,50.4,3,18,168,77,58,47,52.1,9.5
Reliez Valley CDP,3354,1639,1715,51,49.4,52.3,157,669,2586,1475,1214,932,51.1,19.9
Richmond city,116448,57132,59316,36.9,35.7,38.2,6643,25816,86206,29649,22483,15859,50.9,22.2
Rodeo CDP,9653,4711,4942,39.3,37.4,40.4,505,2136,7136,2875,2204,1563,51.2,22.1
Rollingwood CDP,3015,1514,1501,34.4,33.2,35.6,163,709,2155,681,472,314,49.8,23.5
San Miguel CDP,3591,1743,1848,47.6,47.7,47.4,191,812,2664,1411,1104,792,51.5,22.6
San Pablo city,32127,15986,16141,34.7,33.6,35.7,1917,7959,22679,7124,5264,3689,50.2,24.8
San Ramon city,84605,41595,43010,39.9,39.4,40.4,3891,23108,58209,19029,13478,9517,50.8,27.3
Saranap CDP,5830,2811,3019,43.1,41.8,43.8,307,1261,4393,1891,1460,1097,51.8,21.6
Shell Ridge CDP,1014,507,507,49.4,49.1,51.1,47,239,755,424,327,243,50,23.6
Tara Hills CDP,5364,2600,2764,39.2,37.2,40.8,269,1109,4050,1598,1184,836,51.5,20.7
Vine Hill CDP,4323,2158,2165,37.7,37.3,38.1,271,1030,3148,1043,801,537,50.1,23.8
Walnut Creek city,70127,32415,37712,47.5,44.1,50.6,3285,11889,56694,29056,24706,20386,53.8,17
Del Norte County,27743,15035,12708,40.2,38.4,43.4,1412,5691,21274,9270,7269,5241,45.8,20.5
Bertsch-Oceanview CDP,2520,1219,1301,40,38.8,40.6,150,610,1823,804,622,449,51.6,24.2
Crescent City city,6673,4614,2059,35.2,34.3,38.3,273,998,5539,1403,1007,672,30.9,15
Fort Dick CDP,912,436,476,46,45.1,47.4,50,185,707,375,304,211,52.2,20.3
Gasquet CDP,657,306,351,59.7,61.7,58.9,15,91,559,379,324,247,53.4,13.9
Hiouchi CDP,314,155,159,56.3,54.8,57.3,9,38,268,162,132,102,50.6,12.1
Klamath CDP,1088,541,547,42.4,40,48.4,66,256,795,431,339,246,50.3,23.5
Smith River CDP,906,464,442,38.9,37.8,40.8,56,225,656,291,205,150,48.8,24.8
El Dorado County,191185,94829,96356,46.3,45.3,47.4,8523,39102,146173,74409,58985,42658,50.4,20.5
Auburn Lake Trails CDP,3388,1570,1818,54.1,54.5,53.4,130,580,2734,1641,1298,956,53.7,17.1
Cameron Park CDP,18881,9079,9802,43.1,41.4,44.9,1015,4135,14064,6829,5424,3995,51.9,21.9
Camino CDP,1871,945,926,55.3,54.5,56.3,80,331,1506,943,766,597,49.5,17.7
Cold Springs CDP,556,283,273,59.5,61.1,54.3,19,83,463,299,276,206,49.1,14.9
Coloma CDP,521,263,258,55.9,53.7,56.7,17,62,442,264,209,154,49.5,11.9
Diamond Springs CDP,11345,5433,5912,49.8,46.5,52.8,454,2049,8937,5069,4204,3267,52.1,18.1
El Dorado Hills CDP,50547,24705,25842,45,44.5,45.4,2193,12606,36017,17378,13271,9639,51.1,24.9
Georgetown CDP,2255,1191,1064,50.4,50.8,49.9,112,403,1794,1015,823,593,47.2,17.9
Grizzly Flats CDP,1093,578,515,51.1,52,49.8,53,200,871,495,369,274,47.1,18.3
Meyers CDP,2163,1151,1012,43.5,43.3,44.1,115,431,1677,737,572,374,46.8,19.9
Placerville city,10747,5049,5698,43.3,40.7,46,502,2160,8296,4066,3355,2584,53,20.1
Pollock Pines CDP,7112,3562,3550,46.6,46,47.3,365,1400,5505,2859,2184,1491,49.9,19.7
Shingle Springs CDP,4660,2233,2427,47.9,45,50.4,217,975,3513,1916,1534,1167,52.1,20.9
South Lake Tahoe city,21330,11063,10267,38.1,37.4,38.9,1007,3948,16747,6129,4728,3198,48.1,18.5
Tahoma CDP (part),672,357,315,48.3,48.2,48.8,25,107,556,257,180,106,46.9,15.9
Fresno County,1008654,501441,507213,33.3,32.4,34.3,69464,278409,685175,241728,185590,133322,50.3,27.6
Auberry CDP,3238,1595,1643,45.8,43.3,47.5,150,715,2443,1314,1063,767,50.7,22.1
Big Creek CDP,151,73,78,39.5,33.6,43.7,5,46,98,41,34,27,51.7,30.5
Biola CDP,1427,703,724,26.2,26.6,25.6,117,519,834,235,172,115,50.7,36.4
Bowles CDP,158,88,70,55,55,54,4,26,130,79,58,39,44.3,16.5
Calwa CDP,1776,926,850,29,28.9,29.1,147,551,1128,300,216,143,47.9,31
Cantua Creek CDP,500,274,226,29.6,28,32,57,148,331,78,63,51,45.2,29.6
Caruthers CDP,2613,1281,1332,30.6,29.6,31.6,188,835,1638,566,436,296,51,32
Centerville CDP,378,206,172,42.5,43.5,41.5,16,85,283,130,104,77,45.5,22.5
Clovis city,120124,57885,62239,36.1,34.9,37.2,7573,31472,83753,31308,24288,17714,51.8,26.2
Coalinga city,17590,10982,6608,34,34.7,32.4,942,3880,12973,3579,2515,1540,37.6,22.1
Del Rey CDP,1358,697,661,31.7,30.5,33.6,84,356,943,292,213,163,48.7,26.2
Easton CDP,1972,972,1000,37.4,37.7,37.1,115,487,1394,631,477,363,50.7,24.7
Firebaugh city,8096,4093,4003,29.6,28.4,31.3,618,2552,5122,1643,1162,762,49.4,31.5
Fort Washington CDP,255,125,130,45.1,44.8,45.5,18,62,186,108,90,72,51,24.3
Fowler city,6700,3297,3403,34.6,33.3,36,394,1852,4535,1563,1209,834,50.8,27.6
Fresno city,542107,266944,275163,32.2,31.2,33.3,39072,150328,367438,122538,93876,67347,50.8,27.7
Friant CDP,446,223,223,58.6,56.5,59.1,14,45,391,241,210,162,50,10.1
Huron city,6206,3160,3046,28.3,29,27.6,555,2195,3718,1065,754,468,49.1,35.4
Kerman city,16016,7872,8144,30.4,29.3,31.5,1190,5072,10095,3150,2390,1659,50.8,31.7
Kingsburg city,12380,5956,6424,36.8,35.1,38.4,765,3207,8667,3504,2728,2039,51.9,25.9
Lanare CDP,540,281,259,33.7,35.4,31.9,46,156,359,127,101,66,48,28.9
Laton CDP,1622,851,771,32.9,32.1,34.3,102,427,1098,388,283,205,47.5,26.3
Malaga CDP,884,455,429,32.4,33.7,28.6,58,254,573,214,165,106,48.5,28.7
Mayfair CDP,4831,2403,2428,30.9,30.1,31.9,336,1450,3172,1018,745,526,50.3,30
Mendota city,12595,6632,5963,26.6,27,26.1,1229,4463,7400,1840,1281,827,47.3,35.4
Millerton CDP,686,353,333,36.4,41.8,31.5,47,232,437,163,137,88,48.5,33.8
Minkler CDP,867,427,440,51.8,51.1,52.4,34,159,675,399,323,224,50.7,18.3
Monmouth CDP,120,62,58,36.2,37.5,35.7,10,24,90,35,31,24,48.3,20
Old Fig Garden CDP,5477,2707,2770,42.4,40.8,44.4,254,1159,4142,2000,1557,1169,50.6,21.2
Orange Cove city,9649,4767,4882,27,26.2,27.8,818,3401,5710,1637,1194,816,50.6,35.2
Parlier city,14576,7375,7201,28.4,27.3,29.4,1166,4926,8921,2547,1806,1241,49.4,33.8
Raisin City CDP,303,145,158,26.5,24.6,27,19,96,195,55,51,44,52.1,31.7
Reedley city,25227,12425,12802,32.4,30.8,34,1641,7358,16623,5821,4540,3356,50.7,29.2
Riverdale CDP,3477,1753,1724,29.8,28.8,30.6,281,1129,2172,709,513,351,49.6,32.5
Sanger city,26617,13093,13524,31.9,31.1,32.7,1839,8022,17347,5544,4232,3028,50.8,30.1
San Joaquin city,3701,1811,1890,26.5,26.5,26.5,295,1327,2147,600,418,291,51.1,35.9
Selma city,24674,12181,12493,31.9,30.9,32.9,1781,7207,16229,5503,4146,3046,50.6,29.2
Shaver Lake CDP,580,329,251,60.6,60.4,60.7,16,73,492,363,298,232,43.3,12.6
Squaw Valley CDP,3564,1898,1666,49.7,50.1,48.7,175,677,2786,1527,1216,865,46.7,19
Sunnyside CDP,4627,2236,2391,40.4,38.8,42.2,259,1112,3344,1580,1276,962,51.7,24
Tarpey Village CDP,3997,1976,2021,36.6,35.4,38.4,241,1019,2820,1210,950,679,50.6,25.5
Three Rocks CDP,248,128,120,35,41,26.2,22,71,159,41,29,15,48.4,28.6
Tranquillity CDP,805,407,398,30.5,29.6,31.5,64,253,522,191,151,112,49.4,31.4
West Park CDP,1053,547,506,35,35.2,34,77,296,698,274,215,156,48.1,28.1
Westside CDP,143,93,50,34.3,37.1,27,13,45,92,16,8,1,35,31.5
Glenn County,28917,14488,14429,37.5,36.4,38.7,1844,7453,20378,8702,6816,4975,49.9,25.8
Artois CDP,295,151,144,34.3,38.1,29,13,88,195,90,74,52,48.8,29.8
Elk Creek CDP,138,73,65,61.1,65.2,57.1,2,23,115,93,73,52,47.1,16.7
Hamilton City CDP,2263,1180,1083,34.5,32.8,35.7,120,613,1515,552,415,304,47.9,27.1
Orland city,8298,4017,4281,34.4,33.3,35.4,645,2304,5654,2174,1686,1247,51.6,27.8
Willows city,6293,3118,3175,35.8,34.5,37.6,392,1639,4437,1849,1443,1051,50.5,26
Humboldt County,136463,67754,68709,39.1,38.3,39.9,6678,26654,103999,43483,35242,26122,50.3,19.5
Alderpoint CDP,137,75,62,40.3,40.5,37.5,11,27,108,47,34,28,45.3,19.7
Arcata city,18857,9231,9626,28.5,29,28,630,2499,14168,3804,3025,2211,51,13.3
Bayview CDP,2619,1278,1341,37.2,36.5,37.9,142,586,1952,718,551,397,51.2,22.4
Benbow CDP,422,214,208,41.7,42.5,40.4,10,87,328,139,107,79,49.3,20.6
Big Lagoon CDP,161,76,85,54.3,51.3,60.3,9,30,128,79,68,52,52.8,18.6
Blue Lake city,1208,559,649,43.6,42.1,45.2,62,229,957,454,362,246,53.7,19
Cutten CDP,3223,1554,1669,39.4,37.5,40.9,161,680,2427,1057,875,667,51.8,21.1
Eureka city,26512,13237,13275,38.6,37.7,39.5,1410,5153,20496,7965,6406,4720,50.1,19.4
Fairhaven CDP,165,92,73,38.9,38.3,40.3,12,22,138,42,33,24,44.2,13.3
Ferndale city,1398,663,735,48.9,44.7,51.9,58,252,1090,610,508,406,52.6,18
Fieldbrook CDP,827,408,419,51.6,52.8,51.2,38,145,664,386,335,248,50.7,17.5
Fields Landing CDP,287,153,134,35.7,37.2,35,15,60,216,92,66,41,46.7,20.9
Fortuna city,12516,6087,6429,39.6,37.5,41.6,761,2920,9163,4171,3385,2554,51.4,23.3
Garberville CDP,818,407,411,43.4,43.2,43.9,35,135,675,295,228,181,50.2,16.5
Hoopa CDP,3167,1525,1642,31.4,29.2,33.5,227,1014,2003,718,544,372,51.8,32
Humboldt Hill CDP,3498,1720,1778,41.1,39.9,42.1,194,670,2630,1237,975,755,50.8,19.2
Hydesville CDP,1244,626,618,44.1,40.4,46.7,69,300,914,489,411,296,49.7,24.1
Indianola CDP,791,387,404,49.3,48.1,51.6,36,167,598,298,235,176,51.1,21.1
Kep'el CDP,76,37,39,42,42.5,37.5,6,21,51,27,22,17,51.3,27.6
Loleta CDP,828,394,434,41.5,43,41.1,30,173,626,293,227,172,52.4,20.9
McKinleyville CDP,16262,7935,8327,39.6,38.7,40.4,809,3480,12297,4977,3972,2858,51.2,21.4
Manila CDP,798,423,375,39.4,40.5,37.1,36,123,653,251,197,148,47,15.4
Miranda CDP,441,212,229,39.9,39,40.3,16,83,339,141,99,73,51.9,18.8
Myers Flat CDP,90,41,49,48.5,39.8,52.5,5,11,79,41,38,17,54.4,12.2
Myrtletown CDP,4882,2306,2576,40.5,40,41.5,271,1026,3759,1676,1424,1087,52.8,21
Orick CDP,328,158,170,49.3,52,46.5,5,44,273,140,117,76,51.8,13.4
Phillipsville CDP,124,69,55,54.5,57.6,44.5,4,13,109,62,45,24,44.4,10.5
Pine Hills CDP,3186,1579,1607,42.7,41.1,44.7,144,636,2451,1172,991,774,50.4,20
Redcrest CDP,61,33,28,39.8,40.5,39.5,1,13,46,22,20,12,45.9,21.3
Redway CDP,1247,617,630,42.1,41.5,42.3,63,256,968,429,341,248,50.5,20.5
Rio Dell city,3379,1684,1695,38,37.5,38.7,217,764,2495,1022,817,617,50.2,22.6
Samoa CDP,229,131,98,32.1,33.1,30.7,14,50,168,41,34,24,42.8,21.8
Scotia CDP,681,361,320,30.9,28.3,34.3,69,222,443,154,105,61,47,32.6
Shelter Cove CDP,803,437,366,48.8,47.3,52,37,112,677,333,284,210,45.6,13.9
Trinidad city,307,151,156,58.3,58.1,58.7,8,37,269,165,138,109,50.8,12.1
Wautec CDP,48,34,14,44.5,47,33,0,12,36,17,14,8,29.2,25
Weitchpec CDP,112,60,52,32.3,39.5,24,8,19,84,33,24,16,46.4,17
Weott CDP,219,126,93,41.8,42.6,37.2,5,47,170,76,61,36,42.5,21.5
Westhaven-Moonstone CDP,1187,586,601,48.3,46,52.1,42,206,942,483,404,306,50.6,17.4
Willow Creek CDP,1720,902,818,47.5,47.1,49,62,347,1342,721,594,452,47.6,20.2
Imperial County,179702,90121,89581,34.6,33.1,36.3,10762,47502,124362,45369,34747,24493,49.8,26.4
Bombay Beach CDP,231,119,112,60.2,58.5,61.4,4,22,204,140,116,94,48.5,9.5
Brawley city,26416,12730,13686,32.7,30.8,34.3,1769,7826,17409,6491,4931,3459,51.8,29.6
Calexico city,38633,18034,20599,36.2,33.6,38.4,2189,9946,26845,10994,8529,6152,53.3,25.7
Calipatria city,6515,4654,1861,32,32.1,31.7,289,1221,5105,911,642,407,28.6,18.7
Desert Shores CDP,1128,590,538,32.1,31,35.3,85,316,757,266,183,134,47.7,28
El Centro city,44322,21083,23239,35,33.2,36.9,2703,11842,30532,11817,9142,6519,52.4,26.7
El Centro Naval Air Facility CDP,280,156,124,27,26.7,31.3,32,105,170,60,44,27,44.3,37.5
Heber CDP,6896,3313,3583,33.1,30.1,34.7,430,2073,4456,1433,1052,748,52,30.1
Holtville city,5605,2696,2909,36.4,34.8,38.1,300,1483,3860,1620,1289,939,51.9,26.5
Imperial city,20263,9837,10426,32.7,31.5,33.8,1445,6201,13195,3755,2726,1820,51.5,30.6
Niland CDP,756,386,370,37.4,37.3,37.5,61,206,514,255,193,124,48.9,27.2
Ocotillo CDP,215,132,83,61.7,62.4,60.6,13,31,180,124,118,82,38.6,14.4
Palo Verde CDP,152,72,80,62.7,65,59.8,1,5,146,110,88,68,52.6,3.3
Salton City CDP,5155,2653,2502,31.3,31.1,31.4,420,1598,3339,1171,904,646,48.5,31
Salton Sea Beach CDP,508,252,256,35.8,38.3,35.6,29,142,345,168,126,94,50.4,28
Seeley CDP,1729,842,887,33.2,32.1,34,97,487,1157,459,357,234,51.3,28.2
Westmorland city,2014,965,1049,32.5,30.5,34.8,150,656,1283,526,411,282,52.1,32.6
Winterhaven CDP,390,174,216,41,40.5,42,23,103,267,149,126,96,55.4,26.4
Inyo County,19016,9616,9400,44.8,43.9,45.4,939,3836,14695,7379,6041,4512,49.4,20.2
Big Pine CDP,1875,933,942,41.6,41.6,41.7,120,437,1397,666,549,400,50.2,23.3
Bishop city,3819,1887,1932,41,40.9,41.5,190,754,2940,1278,1039,745,50.6,19.7
Cartago CDP,62,30,32,53.5,44,59,4,8,52,30,24,18,51.6,12.9
Charleston View CDP,45,30,15,29.8,34,29.5,2,9,36,11,11,6,33.3,20
Darwin CDP,36,25,11,61.5,63.3,50.5,0,0,36,25,19,11,30.6,0
Dixon Lane-MeadowCreek CDP,2780,1351,1429,47.2,46.4,47.6,144,582,2134,1174,1000,757,51.4,20.9
Furnace Creek CDP,136,73,63,56,57.2,55.8,4,10,121,71,54,40,46.3,7.4
Homewood Canyon CDP,40,22,18,55.5,55.5,53.5,1,9,31,21,13,9,45,22.5
Independence CDP,593,299,294,54,54.1,54,23,96,478,285,233,162,49.6,16.2
Keeler CDP,71,32,39,61.4,59.5,61.9,1,5,65,47,39,28,54.9,7
Lone Pine CDP,2014,1020,994,46.5,46.9,45.9,76,421,1548,793,660,511,49.4,20.9
Mesa CDP,275,144,131,50.6,56,49.3,14,57,214,126,89,65,47.6,20.7
Olancha CDP,131,68,63,57.8,58.5,57.3,4,14,116,74,54,46,48.1,10.7
Pearsonville CDP,8,6,2,33,40,28,1,2,5,2,2,2,25,25
Round Valley CDP,482,281,201,36,33.7,40.5,23,91,377,137,111,84,41.7,18.9
Shoshone CDP,22,18,4,41.5,39,61,3,4,17,10,9,3,18.2,18.2
Tecopa CDP,120,51,69,59,64.2,54.9,3,4,115,66,57,48,57.5,3.3
Trona CDP,11,7,4,32.8,30.5,58,0,3,8,5,2,0,36.4,27.3
Valley Wells CDP,0,0,0,NA,NA,NA,0,0,0,0,0,0,NA,NA
West Bishop CDP,2754,1345,1409,54.1,53.6,54.4,118,521,2174,1344,1121,890,51.2,18.9
Wilkerson CDP,543,291,252,55,54.2,55.6,16,84,449,272,232,184,46.4,15.5
Kern County,909235,460227,449008,32.8,32.1,33.5,63450,257496,612107,206652,155267,107188,49.4,28.3
Alta Sierra CDP,103,47,56,60.6,65.1,55.7,2,17,85,63,54,33,54.4,16.5
Arvin city,19495,9695,9800,26.4,25.8,27.2,1724,6991,11395,2964,2081,1372,50.3,35.9
Bakersfield city,403455,197129,206326,32.4,31.3,33.5,28498,115949,269242,87803,66194,46212,51.1,28.7
Bakersfield Country Club CDP,1715,842,873,40.9,40.6,41.1,94,430,1233,561,454,330,50.9,25.1
Bear Valley Springs CDP,5592,2738,2854,54.9,54.6,55.1,221,1047,4395,2785,2254,1683,51,18.7
Benton Park CDP,5333,2683,2650,31.5,30,32.5,400,1602,3479,1174,885,612,49.7,30
Bodfish CDP,2008,1060,948,55.4,55.1,55.7,70,295,1668,1017,827,583,47.2,14.7
Boron CDP,2086,1068,1018,39.3,37.3,41,110,544,1453,686,519,344,48.8,26.1
Buttonwillow CDP,1337,700,637,28.7,29.1,28.5,99,451,814,246,177,94,47.6,33.7
California City city,14973,8507,6466,34.5,34.1,35.4,952,3597,10816,3649,2722,1806,43.2,24
Casa Loma CDP,1804,932,872,32.8,34.4,29.8,122,518,1210,425,308,188,48.3,28.7
Cherokee Strip CDP,206,96,110,34.6,35.3,34.3,20,65,130,34,21,11,53.4,31.6
China Lake Acres CDP,1757,897,860,42.9,43.5,42.1,70,374,1331,642,478,340,48.9,21.3
Choctaw Valley CDP,237,120,117,51.8,56.3,47.5,6,52,176,108,85,55,49.4,21.9
Cottonwood CDP,3971,1883,2088,23.8,22.1,25.4,471,1647,2167,573,429,260,52.6,41.5
Delano city,51428,29615,21813,31.7,31.8,31.7,3179,13361,35618,9558,6837,4591,42.4,26
Derby Acres CDP,301,151,150,40.4,40.5,40.3,11,74,216,103,83,64,49.8,24.6
Di Giorgio CDP,400,203,197,18.6,18.5,18.7,49,195,191,47,30,17,49.3,48.8
Dustin Acres CDP,677,336,341,44.7,46.2,43.2,26,139,529,232,173,130,50.4,20.5
East Bakersfield CDP,9749,4894,4855,27.8,27.5,28.1,857,3342,5943,1567,1085,689,49.8,34.3
East Niles CDP,28390,13977,14413,29,28,30.3,2221,9374,17587,5367,3971,2763,50.8,33
Edison CDP,255,120,135,35.1,34,35.6,16,74,166,46,37,27,52.9,29
Edmundson Acres CDP,296,167,129,28.9,30.8,26.4,16,90,192,54,38,26,43.6,30.4
Edwards AFB CDP,2135,1090,1045,24.4,24.5,24.3,364,831,1201,45,35,18,48.9,38.9
El Adobe CDP,391,224,167,37.3,30.7,40.9,30,101,267,92,71,43,42.7,25.8
Fairfax CDP,1879,893,986,32.1,30,34,117,597,1180,400,286,189,52.5,31.8
Fellows CDP,52,26,26,57.5,51,58,1,9,43,28,20,14,50,17.3
Ford City CDP,4348,2211,2137,28.3,28.4,28.3,380,1418,2695,739,554,377,49.1,32.6
Frazier Park CDP,2592,1296,1296,41.9,41.6,42.4,147,541,1974,887,686,449,50,20.9
Fuller Acres CDP,917,470,447,33.1,35.7,30.5,70,292,590,227,170,99,48.7,31.8
Glennville CDP,158,86,72,58.6,67,56.5,5,20,137,85,74,58,45.6,12.7
Golden Hills CDP,9578,4783,4795,38.8,37.3,40.3,633,2372,6900,3116,2431,1769,50.1,24.8
Goodmanville CDP,121,44,77,52.5,57,49.3,7,23,96,58,47,32,63.6,19
Greenacres CDP,5496,2763,2733,39.4,38.2,40.4,311,1302,4007,1757,1332,966,49.7,23.7
Greenfield CDP,3447,1736,1711,35.5,36,35.1,214,915,2371,900,697,455,49.6,26.5
Hillcrest CDP,10528,5198,5330,29.2,28.3,30.3,824,3419,6600,1996,1414,931,50.6,32.5
Inyokern CDP,988,499,489,51.5,50.4,53.3,41,191,773,439,346,228,49.5,19.3
Johannesburg CDP,113,61,52,60.7,60.5,61.5,3,9,103,81,60,41,46,8
Keene CDP,469,236,233,50.6,50,50.8,22,90,371,196,171,120,49.7,19.2
Kernville CDP,1549,772,777,58,56.4,59.4,44,220,1303,853,716,554,50.2,14.2
La Cresta CDP,8787,4459,4328,30.3,29.7,30.9,703,2714,5687,1676,1228,803,49.3,30.9
Lake Isabella CDP,3573,1785,1788,45.8,46.1,45.6,222,766,2724,1475,1179,867,50,21.4
Lake of the Woods CDP,790,414,376,50.8,52.4,45,45,159,617,342,262,184,47.6,20.1
Lakeside CDP,843,449,394,44.8,44.4,45.1,43,182,616,289,215,147,46.7,21.6
Lamont CDP,14049,7037,7012,28.1,27.7,28.5,1109,4808,8495,2344,1651,1043,49.9,34.2
Lebec CDP,1239,621,618,44.9,43.6,45.6,67,239,960,465,349,243,49.9,19.3
Lost Hills CDP,2370,1263,1107,26.2,26.8,25.4,180,858,1364,273,200,113,46.7,36.2
McFarland city,14161,7064,7097,27.6,27.3,27.9,1161,4845,8528,2146,1503,965,50.1,34.2
McKittrick CDP,102,62,40,43,43.3,32.5,5,22,76,37,27,17,39.2,21.6
Maricopa city,1026,528,498,37.5,38.7,35.7,93,263,743,326,261,176,48.5,25.6
Mettler CDP,90,50,40,39.2,38.5,39.7,3,24,66,19,12,8,44.4,26.7
Mexican Colony CDP,283,156,127,23.6,23.3,25.5,22,107,154,51,33,21,44.9,37.8
Mojave CDP,4699,2317,2382,32.3,32,32.7,397,1418,3104,1148,843,581,50.7,30.2
Mountain Meadows CDP,303,143,160,48.4,49.5,47.5,8,80,217,127,107,73,52.8,26.4
Mountain Mesa CDP,823,413,410,51.9,54.8,49.9,25,136,665,395,317,222,49.8,16.5
North Edwards CDP,1054,550,504,44.4,43.4,45.6,54,218,805,399,308,223,47.8,20.7
Oildale CDP,36135,17633,18502,32.7,31.6,33.7,2789,10153,24754,8568,6302,4238,51.2,28.1
Olde Stockdale CDP,568,289,279,56.1,55.3,56.5,20,95,450,288,241,178,49.1,16.7
Old River CDP,123,78,45,36.5,31,53.5,8,25,91,31,17,13,36.6,20.3
Old Stine CDP,3841,1899,1942,31.5,30.3,32.4,283,1129,2538,826,643,455,50.6,29.4
Onyx CDP,457,232,225,54.9,52.3,56.3,19,63,383,228,182,128,49.2,13.8
Pine Mountain Club CDP,2422,1225,1197,56.3,57,55.9,93,319,2066,1264,1023,744,49.4,13.2
Potomac Park CDP,9164,4574,4590,28.5,27.6,29.3,716,3028,5685,1656,1238,887,50.1,33
Pumpkin Center CDP,421,215,206,36.1,37.5,35.4,29,108,288,111,88,53,48.9,25.7
Randsburg CDP,45,18,27,64.5,63,69.3,0,4,41,29,28,22,60,8.9
Rexland Acres CDP,3563,1836,1727,28.3,27.3,30.1,257,1184,2193,654,458,311,48.5,33.2
Ridgecrest city,27959,14039,13920,34.7,33.8,35.8,1803,7159,19900,7342,5557,3963,49.8,25.6
Ridgecrest Heights CDP,380,200,180,47,39.4,50,28,100,272,136,105,82,47.4,26.3
Rivergrove CDP,195,107,88,48.5,57.7,31,9,40,147,90,72,42,45.1,20.5
Rosamond CDP,20961,10437,10524,33.2,33,33.3,1588,5873,14398,4960,3525,2158,50.2,28
Rosedale CDP,18639,9319,9320,38.3,38.2,38.4,1068,5075,12771,5177,3837,2531,50,27.2
Shafter city,19953,10146,9807,29,29,29.1,1563,6478,12460,3279,2421,1626,49.2,32.5
Smith Corner CDP,594,265,329,29.2,29.3,28.9,44,203,364,95,68,46,55.4,34.2
South Taft CDP,2100,1084,1016,26.5,25.7,27.2,202,723,1264,350,261,165,48.4,34.4
Squirrel Mountain Valley CDP,760,372,388,57,54.9,59.2,22,122,627,405,348,277,51.1,16.1
Stallion Springs CDP,3139,1561,1578,45.5,45.1,45.8,164,699,2362,1241,989,680,50.3,22.3
Stebbins CDP,1423,728,695,28.3,27.8,29.5,97,467,866,248,170,117,48.8,32.8
Taft city,8546,4941,3605,35.2,35.9,33.6,430,1890,6261,1877,1381,961,42.2,22.1
Taft Heights CDP,1999,1018,981,30.2,29.1,31.6,182,593,1341,409,298,213,49.1,29.7
Tarina CDP,18,13,5,46,54.5,18.5,1,3,14,5,4,3,27.8,16.7
Tehachapi city,12939,8225,4714,37.6,37.8,37.2,594,2490,10083,3066,2259,1562,36.4,19.2
Tupman CDP,177,92,85,33.8,33,34.8,15,54,116,46,38,22,48,30.5
Valley Acres CDP,504,281,223,32.4,27.9,39.1,35,139,346,114,96,51,44.2,27.6
Wasco city,27047,15583,11464,29.5,30,28.6,1917,7659,18054,4178,2973,1938,42.4,28.3
Weedpatch CDP,2206,1079,1127,30.1,31,28,165,711,1367,399,289,207,51.1,32.2
Weldon CDP,2303,1171,1132,53.9,53.7,54.2,96,390,1874,1107,914,674,49.2,16.9
Wofford Heights CDP,2213,1121,1092,59.6,59.4,59.8,82,280,1904,1310,1091,809,49.3,12.7
Woody CDP,108,59,49,63,62.5,63.8,3,19,87,67,60,47,45.4,17.6
Kings County,152486,82573,69913,32.9,33.2,32.5,10409,40551,105533,32049,23620,16146,45.8,26.6
Armona CDP,4274,2072,2202,31.2,30.7,31.7,307,1295,2806,916,652,458,51.5,30.3
Avenal city,13696,9131,4565,35,36.9,29.2,834,3247,9946,2232,1358,713,33.3,23.7
Corcoran city,22339,15449,6890,35.6,36.7,30.8,1066,4428,17283,4159,2823,1737,30.8,19.8
Grangeville CDP,508,243,265,40.2,36.8,40.7,19,133,346,180,143,86,52.2,26.2
Hanford city,57990,28429,29561,33.4,32.2,34.6,4045,16107,39440,13669,10502,7540,51,27.8
Hardwick CDP,151,60,91,32.8,32.7,33.5,8,39,101,33,25,21,60.3,25.8
Home Garden CDP,1653,832,821,31.5,31.3,31.8,121,526,1049,366,256,175,49.7,31.8
Kettleman City CDP,1242,638,604,28.4,28.3,28.5,79,416,751,208,152,100,48.6,33.5
Lemoore city,27038,13387,13651,31.2,30.3,32.2,1948,7614,18273,5410,3965,2690,50.5,28.2
Lemoore Station CDP,6568,3592,2976,22.8,22.8,22.9,960,2272,3730,77,55,37,45.3,34.6
Stratford CDP,1121,571,550,30,30.6,29.7,107,338,730,239,186,118,49.1,30.2
Lake County,68163,34509,33654,45,43.8,46,3617,14083,52102,26336,21150,15444,49.4,20.7
Clearlake city,16685,8465,8220,37.5,36.6,38.8,1080,4227,11914,5196,4070,2856,49.3,25.3
Clearlake Oaks CDP,2551,1323,1228,56.6,55.5,58.1,79,315,2193,1347,1116,860,48.1,12.3
Clearlake Riviera CDP,3410,1664,1746,44.2,43.5,44.7,182,723,2599,1296,1053,757,51.2,21.2
Cobb CDP,1295,678,617,49.8,51,49.5,59,255,1016,566,466,341,47.6,19.7
Hidden Valley Lake CDP,6235,3075,3160,43.2,42.1,44,309,1446,4589,2159,1727,1235,50.7,23.2
Kelseyville CDP,3382,1707,1675,39.4,36.7,42.3,225,819,2440,1093,809,585,49.5,24.2
Lakeport city,5026,2380,2646,47.7,44.8,50.5,247,969,3950,2117,1766,1340,52.6,19.3
Lower Lake CDP,1276,623,653,41.9,43.2,40.7,69,297,957,436,339,252,51.2,23.3
Lucerne CDP,3266,1703,1563,45.7,45.8,45.6,175,606,2559,1309,1054,765,47.9,18.6
Middletown CDP,1114,562,552,43.4,44.4,42.6,55,250,828,382,284,199,49.6,22.4
Nice CDP,2929,1512,1417,48.4,48,49.1,146,531,2307,1231,968,714,48.4,18.1
North Lakeport CDP,3547,1725,1822,48.1,47.3,49,210,688,2752,1456,1198,925,51.4,19.4
Soda Bay CDP,1163,581,582,53.8,52.3,55.4,40,189,955,558,458,335,50,16.3
Spring Valley CDP,964,490,474,46.6,45,48.3,49,170,771,423,321,234,49.2,17.6
Upper Lake CDP,1095,576,519,38.4,36.7,39.9,79,257,805,326,250,168,47.4,23.5
Lassen County,32730,20720,12010,37.2,35.9,41.3,1391,5504,26375,8769,6676,4745,36.7,16.8
Bieber CDP,266,154,112,43.5,43.8,40.5,19,52,201,89,74,54,42.1,19.5
Clear Creek CDP,175,85,90,55.4,52.5,56,11,27,143,89,66,45,51.4,15.4
Doyle CDP,536,294,242,49.4,46.5,50.4,28,108,414,230,192,145,45.1,20.1
Herlong CDP,237,131,106,40.8,40.8,40.5,16,57,177,79,59,44,44.7,24.1
Janesville CDP,2461,1295,1166,44.9,45.7,43.3,95,533,1852,945,720,473,47.4,21.7
Johnstonville CDP,973,505,468,44.3,45.3,43.2,36,204,739,352,261,202,48.1,21
Litchfield CDP,160,71,89,49,38.8,50.5,15,36,120,71,56,41,55.6,22.5
Little Valley CDP,84,39,45,36.5,36.8,34.8,6,15,65,29,22,15,53.6,17.9
Madeline CDP,21,12,9,53.5,46,54.5,0,3,18,8,5,5,42.9,14.3
Milford CDP,147,74,73,53.5,48,54.3,4,25,122,64,45,41,49.7,17
Nubieber CDP,19,14,5,66.4,65.5,66.8,1,1,17,13,12,11,26.3,5.3
Patton Village CDP,632,339,293,40.2,41.1,39.1,38,143,471,217,169,116,46.4,22.6
Spaulding CDP,206,99,107,58.6,57.8,58.6,3,13,190,120,98,75,51.9,6.3
Stones Landing CDP,86,67,19,59.5,59.3,64.5,0,2,83,46,42,29,22.1,2.3
Susanville city,16728,11956,4772,33.7,33.3,35.5,643,2342,13938,2851,2030,1417,28.5,14
Westwood CDP,1541,794,747,51.2,52.5,50.3,69,276,1227,703,585,393,48.5,17.9
Los Angeles County,10014009,4906513,5107496,37.5,36.4,38.7,501341,2054218,7551543,2680864,2038645,1453950,51,20.5
Acton CDP,7431,3778,3653,48.2,47.1,49.3,287,1302,5897,2972,2149,1384,49.2,17.5
Agoura Hills city,20299,9837,10462,45.3,44.1,46.3,806,4353,15179,7218,5574,4025,51.5,21.4
Agua Dulce CDP,3451,1736,1715,49.3,50,48.3,118,617,2699,1405,1121,754,49.7,17.9
Alhambra city,82868,39127,43741,41,39.1,42.9,3656,13630,66632,26208,20484,15301,52.8,16.4
Alondra Park CDP,8569,4169,4400,36.9,35.8,37.7,503,2009,6204,2176,1600,1069,51.3,23.4
Altadena CDP,42846,20631,22215,45.5,43.7,47.2,1819,7982,33524,15539,12075,8771,51.8,18.6
Arcadia city,56681,27074,29607,44.1,42.3,45.6,2289,11344,43264,19291,15027,11178,52.2,20
Artesia city,16395,8159,8236,40.7,39.4,42.3,691,3103,12646,5136,4055,2961,50.2,18.9
Avalon city,3460,1663,1797,40.6,39.8,41.5,163,756,2590,1115,870,583,51.9,21.8
Avocado Heights CDP,13317,6522,6795,37.8,36.6,39.1,674,2829,9900,3688,2812,2061,51,21.2
Azusa city,50000,24258,25742,34.1,33,35.2,2725,10579,35809,11453,8427,5787,51.5,21.2
Baldwin Park city,72176,35560,36616,36,34.7,37.6,3850,16343,52522,18437,13761,9643,50.7,22.6
Bell city,33559,16581,16978,32.6,31.4,33.9,2036,8888,23042,6817,4979,3376,50.6,26.5
Bellflower city,79190,38419,40771,35.4,34.1,36.9,4593,18568,57156,19025,14037,9532,51.5,23.4
Bell Gardens city,39501,19650,19851,31.9,31,32.8,2481,10607,26868,7645,5511,3664,50.3,26.9
Beverly Hills city,32701,15027,17674,45.5,44.5,46.2,1103,5529,26101,12210,9830,7686,54,16.9
Bradbury city,921,456,465,50.8,50.6,51.1,37,149,744,401,309,208,50.5,16.2
Burbank city,107337,51666,55671,40.4,39.3,41.4,4829,18958,85192,31131,23893,17525,51.9,17.7
Calabasas city,23241,11221,12020,44.9,43.4,45.9,855,4924,17390,8093,6221,4511,51.7,21.2
Carson city,95558,45520,50038,42.2,39.9,44.3,4160,17877,73668,31852,24736,18138,52.4,18.7
Castaic CDP,18937,9458,9479,39,37.7,40.4,1047,4454,13633,5149,3532,2192,50.1,23.5
Cerritos city,49578,23748,25830,46.4,45.1,47.6,1776,8807,39047,18985,15659,12285,52.1,17.8
Charter Oak CDP,9739,4732,5007,38.1,35.7,40.1,455,2084,7259,2608,1913,1365,51.4,21.4
Citrus CDP,10243,5113,5130,34.9,33.8,35.9,609,2328,7435,2365,1703,1131,50.1,22.7
Claremont city,37266,17243,20023,38.5,37.6,39.2,1209,6110,26577,11707,9368,7332,53.7,16.4
Commerce city,12378,6061,6317,36.5,35,37.7,629,2878,8977,3171,2419,1794,51,23.3
Compton city,95740,46527,49213,32,30.6,33.4,6440,26576,64587,19759,14226,9478,51.4,27.8
Covina city,51268,24620,26648,38.7,36.8,40.4,2647,10763,38346,14218,10666,7398,52,21
Cudahy city,22811,11229,11582,30.4,29.1,32,1378,6437,15186,3940,2759,1795,50.8,28.2
Culver City city,40779,19321,21458,40.8,38.9,42.6,2035,7614,32227,12205,9732,7363,52.6,18.7
Del Aire CDP,10338,5153,5185,38.8,37.1,40.2,532,2098,7917,2761,2070,1422,50.2,20.3
Desert View Highlands CDP,2676,1308,1368,34.5,33,36,162,676,1880,669,494,338,51.1,25.3
Diamond Bar city,55072,26753,28319,43.8,41.6,45.6,2150,10119,42834,18728,14588,10406,51.4,18.4
Downey city,114355,55678,58677,36.6,35.2,38.1,6023,25418,84030,28451,21416,15179,51.3,22.2
Duarte city,21727,10173,11554,44.3,42.4,46.1,965,3854,17136,7818,6267,4752,53.2,17.7
East Los Angeles CDP,118786,58545,60241,33.3,32.1,34.5,6830,30409,82697,25157,18879,13339,50.7,25.6
East Pasadena CDP,6021,2930,3091,42,40.9,43.2,256,1063,4753,2016,1602,1174,51.3,17.7
East Rancho Dominguez CDP,15114,7460,7654,31,30.3,32.2,1004,4261,10105,2862,2037,1327,50.6,28.2
East San Gabriel CDP,22769,11045,11724,41.8,39.9,43.6,978,4377,17537,7129,5566,4041,51.5,19.2
East Whittier CDP,10394,4968,5426,38.6,37.2,39.8,563,2311,7662,2988,2242,1630,52.2,22.2
Elizabeth Lake CDP,1651,853,798,42.8,40,44.2,98,344,1266,571,430,277,48.3,20.8
El Monte city,109450,54337,55113,36.3,35.1,37.8,5987,25170,79551,28491,21644,15266,50.4,23
El Segundo city,17272,8617,8655,39,38,40.4,872,3550,13187,4559,3267,2233,50.1,20.6
Florence-Graham CDP,61983,30870,31113,30.4,29.7,31.1,4229,18207,40561,10878,7653,4967,50.2,29.4
Gardena city,61027,29222,31805,40.6,38.7,42.4,3018,11559,47406,18969,14744,10710,52.1,18.9
Glendale city,196543,93635,102908,41.8,40,43.6,8578,32862,158112,64831,50978,37717,52.4,16.7
Glendora city,52558,25524,27034,42.1,40.6,43.8,2457,10694,39865,17335,13317,9507,51.4,20.3
Green Valley CDP,1036,550,486,49,49.5,48.4,30,174,831,420,288,177,46.9,16.8
Hacienda Heights CDP,54191,26309,27882,43.2,41.2,45.2,2381,10160,42100,18725,14910,11160,51.5,18.7
Hasley Canyon CDP,1195,613,582,46.1,46.5,45.5,43,246,917,420,293,200,48.7,20.6
Hawaiian Gardens city,14149,7025,7124,33.3,31.9,34.9,876,3560,9896,3166,2362,1625,50.3,25.2
Hawthorne city,88083,42531,45552,34.8,33.7,35.7,5503,20876,63797,19080,13662,9119,51.7,23.7
Hermosa Beach city,19728,10100,9628,40.1,40.4,39.8,821,3453,15804,5155,3663,2636,48.8,17.5
Hidden Hills city,1725,821,904,48.3,48.1,48.5,39,375,1255,679,510,373,52.4,21.7
Huntington Park city,54883,27153,27730,33.3,32.2,34.6,3206,13950,38220,11454,8427,5862,50.5,25.4
Industry city,264,119,145,51,52.3,49.3,14,50,209,118,107,94,54.9,18.9
Inglewood city,107762,50689,57073,37.1,35.2,38.9,5611,23126,80535,28981,21786,15182,53,21.5
Irwindale city,1472,721,751,36.9,36.1,37.6,85,359,1050,383,279,197,51,24.4
La Cañada Flintridge city,20573,10142,10431,46.1,45.2,46.8,728,4885,14905,7454,5836,4224,50.7,23.7
La Crescenta-Montrose CDP,19997,9601,10396,43.2,41.8,44.3,894,4335,15008,6360,4862,3378,52,21.7
Ladera Heights CDP,6654,3009,3645,51.9,49.9,53.9,186,902,5572,3043,2481,1911,54.8,13.6
La Habra Heights city,5682,2785,2897,49.4,49.7,49.2,194,954,4529,2393,1894,1359,51,16.8
Lake Hughes CDP,544,289,255,47.6,49.3,45.2,24,77,461,210,159,98,46.9,14.2
Lake Los Angeles CDP,13187,6651,6536,33.3,32.1,34.2,950,3708,8835,3200,2338,1457,49.6,28.1
Lakewood city,82496,40037,42459,39.4,38,40.8,4574,17293,62065,23663,17873,12386,51.5,21
La Mirada city,48008,23046,24962,42.1,40.6,43.3,1972,8475,36790,16242,12903,9410,52,17.7
Lancaster city,173516,85530,87986,33.2,32,34.5,11438,47021,118552,40182,29263,19519,50.7,27.1
La Puente city,38062,18746,19316,36,34.6,37.6,2023,8754,27613,9592,7193,4937,50.7,23
La Verne city,31334,14842,16492,45.9,43.5,48,1307,6014,24268,12047,9726,7358,52.6,19.2
Lawndale city,31807,15757,16050,35.5,34.7,36.5,1658,7086,23436,7085,5098,3284,50.5,22.3
Lennox CDP,20323,10206,10117,32.3,32.1,32.6,1125,5278,14037,3952,2840,1885,49.8,26
Leona Valley CDP,1555,781,774,50.9,48.8,52.8,66,262,1242,695,547,379,49.8,16.8
Littlerock CDP,1535,804,731,33.3,34.3,32.2,116,443,1049,357,253,178,47.6,28.9
Lomita city,20921,9975,10946,41.3,39.7,43,1102,3971,16289,6813,5278,3679,52.3,19
Long Beach city,466742,228518,238224,36.4,35.7,37.1,23842,95125,352260,117623,87774,61010,51,20.4
Los Angeles city,3898747,1925675,1973072,36.5,35.7,37.3,191415,751492,2989691,975920,741857,529239,50.6,19.3
Lynwood city,67265,32537,34728,32.1,31.1,33,4116,17610,46429,13124,9482,6291,51.6,26.2
Malibu city,10654,5242,5412,52.2,52.3,52.2,277,1613,8630,4887,3852,2848,50.8,15.1
Manhattan Beach city,35506,17461,18045,43.7,43.5,43.8,1606,8249,26034,11409,8561,6314,50.8,23.2
Marina del Rey CDP,11373,5693,5680,38.7,38.9,38.5,372,858,10374,2957,2261,1616,49.9,7.5
Mayflower Village CDP,5402,2571,2831,44,42.4,46,261,1004,4219,1913,1476,1049,52.4,18.6
Maywood city,25138,12583,12555,32.5,31.8,33.2,1549,6762,17193,4864,3524,2445,49.9,26.9
Monrovia city,37931,18100,19831,40.5,38.8,42.2,1870,7373,29338,11250,8510,5978,52.3,19.4
Montebello city,62640,30155,32485,37.8,35.9,39.8,3212,13320,46792,17582,13823,10281,51.9,21.3
Monterey Park city,61096,29324,31772,44,41.6,46,2677,10438,48668,21474,17180,13029,52,17.1
North El Monte CDP,3730,1761,1969,46.7,45.2,48.1,158,610,3014,1417,1145,867,52.8,16.4
Norwalk city,102773,50274,52499,36.6,35.1,38.1,5433,22643,75727,26529,20032,14113,51.1,22
Palmdale city,169450,82647,86803,33.1,31.5,34.6,10809,47140,114187,37938,27119,17796,51.2,27.8
Palos Verdes Estates city,13347,6430,6917,52.4,52,52.7,417,2683,10178,6083,4885,3765,51.8,20.1
Paramount city,53733,26156,27577,32.7,31.7,33.7,3288,13958,37121,10786,7848,5153,51.3,26
Pasadena city,138699,67025,71674,40,38.6,41.2,6444,22680,111932,41684,32558,24262,51.7,16.4
Pepperdine University CDP,2747,1225,1522,20.5,20.5,20.6,18,105,1103,134,94,72,55.4,3.8
Pico Rivera city,62088,30255,31833,38.2,36.5,39.8,3015,13213,46310,17361,13476,9844,51.3,21.3
Pomona city,151713,75190,76523,34.1,32.9,35.2,8537,35791,108049,35004,25901,17710,50.4,23.6
Quartz Hill CDP,11447,5640,5807,36.5,35.6,37.9,699,2804,8185,3253,2453,1658,50.7,24.5
Rancho Palos Verdes city,42287,20406,21881,50,49,50.9,1421,8317,32452,17837,14192,10979,51.7,19.7
Redondo Beach city,71576,36020,35556,40.9,40.2,41.8,3891,14515,55261,20122,14991,10512,49.7,20.3
Rolling Hills city,1739,809,930,55.5,56.3,54.7,32,258,1423,888,714,560,53.5,14.8
Rolling Hills Estates city,8280,3983,4297,50.4,49.3,51.4,247,1717,6265,3582,2896,2227,51.9,20.7
Rose Hills CDP,2927,1412,1515,45.7,45,46.9,113,467,2371,1084,892,711,51.8,16
Rosemead city,51185,25032,26153,42.5,40.3,44.6,2137,9222,39956,16524,12693,9223,51.1,18
Rowland Heights CDP,48231,23543,24688,42.9,40.7,44.9,2159,8560,37966,16716,13235,9663,51.2,17.7
San Dimas city,34924,16592,18332,43.7,41.8,45.3,1601,6720,26873,12440,9856,7258,52.5,19.2
San Fernando city,23946,11967,11979,35.4,34.3,36.4,1235,5645,17198,5554,4118,2810,50,23.6
San Gabriel city,39568,18879,20689,42.8,40.7,44.8,1757,6732,31550,12820,9705,6990,52.3,17
San Marino city,12513,6107,6406,48.1,46.6,49.2,413,2621,9348,4894,3878,2923,51.2,20.9
San Pasqual CDP,2101,1005,1096,43.6,41.1,45.4,136,405,1636,713,564,419,52.2,19.3
Santa Clarita city,228673,111809,116864,38.5,37.2,39.7,12369,53717,165367,60952,44774,30519,51.1,23.5
Santa Fe Springs city,19219,9198,10021,39.1,37.4,40.7,989,3974,14542,5552,4274,3108,52.1,20.7
Santa Monica city,93076,44956,48120,41.5,40.7,42.3,3368,12646,78422,29891,23829,18166,51.7,13.6
Sierra Madre city,11268,5259,6009,48.3,47.2,49.1,474,2125,8841,4451,3564,2715,53.3,18.9
Signal Hill city,11848,5803,6045,38.3,37.6,38.8,664,2404,9035,3027,2223,1541,51,20.3
South El Monte city,19567,9819,9748,35.6,34.8,36.5,1050,4640,14053,4815,3619,2521,49.8,23.7
South Gate city,92726,45556,47170,34,32.8,35.2,5286,22811,65580,20524,15253,10486,50.9,24.6
South Monrovia Island CDP,6515,3240,3275,37.4,36,39.2,349,1448,4786,1792,1305,852,50.3,22.2
South Pasadena city,26943,12794,14149,41.2,40.3,41.9,1224,6236,19853,7446,5672,4207,52.5,23.1
South San Gabriel CDP,7920,3861,4059,45,43.5,46.8,344,1305,6371,2902,2305,1725,51.3,16.5
South San Jose Hills CDP,19855,9904,9951,34.5,33.3,35.8,1103,4664,14238,4786,3535,2433,50.1,23.5
South Whittier CDP,56415,27802,28613,35.8,34.4,37.2,3168,13283,40583,13603,9992,6823,50.7,23.5
Stevenson Ranch CDP,20178,9871,10307,40.2,38.7,41.2,805,4914,14217,4853,3206,2082,51.1,24.4
Sun Village CDP,12345,6304,6041,34.3,33.4,35.2,760,3309,8349,3140,2264,1499,48.9,26.8
Temple City city,36494,17457,19037,43.4,40.9,45.3,1588,6933,28224,12119,9414,6962,52.2,19
Topanga CDP,8560,4160,4400,47.9,48.1,47.8,363,1555,6775,3282,2522,1809,51.4,18.2
Torrance city,147067,71687,75380,43,41.3,44.5,6840,28643,113882,49039,37803,27378,51.3,19.5
Valinda CDP,22437,11078,11359,36,35.2,37.3,1175,5019,16463,5714,4293,2943,50.6,22.4
Val Verde CDP,2399,1239,1160,35.8,36.2,35.4,137,558,1709,563,416,242,48.4,23.3
Vernon city,222,104,118,33.3,28.3,34.6,15,74,138,46,40,23,53.2,33.3
View Park-Windsor Hills CDP,11419,5171,6248,49,45.5,51.3,423,1666,9434,4692,3679,2727,54.7,14.6
Vincent CDP,15714,7735,7979,37.3,36.2,38.3,852,3360,11664,4081,2992,2095,50.8,21.4
Walnut city,28430,13828,14602,46.5,44,48.5,967,4866,22383,10948,8685,6299,51.4,17.1
Walnut Park CDP,15214,7551,7663,35.1,34.1,36,757,3579,10968,3621,2683,1905,50.4,23.5
West Athens CDP,9393,4504,4889,36,33.6,37.5,569,2315,6667,2391,1810,1286,52,24.6
West Carson CDP,22870,11131,11739,45.7,43.5,48,870,3529,18693,8571,6806,5036,51.3,15.4
West Covina city,109501,53133,56368,39.4,37.3,41.5,5165,21625,83430,32605,24914,17977,51.5,19.7
West Hollywood city,35757,20017,15740,40.4,41.9,38.5,618,1522,33998,10153,7756,5805,44,4.3
Westlake Village city,8029,3849,4180,51.9,51,52.7,246,1445,6333,3618,2964,2248,52.1,18
Westmont CDP,33913,15939,17974,33.3,31.2,35.2,2257,9305,23077,7631,5520,3643,53,27.4
West Puente Valley CDP,22959,11278,11681,37.8,36.2,39.3,1222,4881,17032,6521,5022,3560,50.9,21.3
West Rancho Dominguez CDP,24347,11540,12807,35.5,34,36.7,1465,5951,17349,6206,4573,3150,52.6,24.4
West Whittier-Los Nietos CDP,25325,12314,13011,37.9,36.6,39.3,1301,5528,18739,6945,5417,3886,51.4,21.8
Whittier city,87306,42404,44902,38.4,36.7,40,4573,19278,64454,23814,18062,12925,51.4,22.1
Willowbrook CDP,24295,11903,12392,30.8,30.2,31.6,1564,6964,16053,4570,3314,2168,51,28.7
Madera County,156255,77881,78374,35,34.5,35.4,10488,43026,106665,41000,31907,22959,50.2,27.5
Ahwahnee CDP,2296,1113,1183,51.7,50.9,52.6,103,465,1794,1069,920,726,51.5,20.3
Bass Lake CDP,575,274,301,62.3,58.9,64.4,17,61,505,353,312,259,52.3,10.6
Bonadelle Ranchos CDP,5497,2775,2722,39.7,39.4,40,314,1343,3927,1736,1315,946,49.5,24.4
Chowchilla city,19039,9532,9507,36.7,39.4,34.6,1008,4044,14358,4405,3102,1975,49.9,21.2
Coarsegold CDP,4144,2017,2127,53.3,53.1,53.5,210,780,3274,2012,1719,1341,51.3,18.8
Fairmead CDP,1235,609,626,33.8,34.6,33.4,100,354,818,304,223,145,50.7,28.7
La Vina CDP,637,338,299,29.1,26.1,34.9,56,206,402,126,90,65,46.9,32.3
Madera city,66224,33028,33196,29.3,28.6,30.2,5403,21764,41206,12081,9068,6399,50.1,32.9
Madera Acres CDP,9162,4567,4595,34,33.4,34.6,541,2604,6142,2295,1800,1235,50.2,28.4
Madera Ranchos CDP,3623,1800,1823,42.5,40.9,45.1,196,804,2680,1296,1057,789,50.3,22.2
Nipinnawasee CDP,434,223,211,45.5,39.1,52.8,19,66,351,173,140,94,48.6,15.2
North Fork CDP,3250,1610,1640,51,50.9,51.1,172,656,2509,1462,1216,979,50.5,20.2
Oakhurst CDP,5945,2923,3022,52.7,50.4,55.1,198,1019,4764,2841,2369,1813,50.8,17.1
Parksdale CDP,3234,1621,1613,27.8,27.7,28,289,1145,1937,570,425,278,49.9,35.4
Parkwood CDP,2307,1148,1159,29.2,28.3,29.8,190,747,1443,448,338,227,50.2,32.4
Rolling Hills CDP,793,394,399,46.8,40.8,52.1,43,141,614,332,294,242,50.3,17.8
Yosemite Lakes CDP,5022,2470,2552,49.4,49.5,49.3,218,1011,3866,2191,1810,1390,50.8,20.1
Marin County,262321,128593,133728,46.5,45.1,47.8,11547,52870,201202,97331,77677,59247,51,20.2
Alto CDP,732,363,369,42.7,41.3,45.5,33,179,538,222,161,103,50.4,24.5
Belvedere city,2126,979,1147,52.9,52.6,53.2,63,457,1605,1000,846,714,54,21.5
Black Point-Green Point CDP,1431,699,732,54.4,54.8,54.1,36,176,1203,698,581,464,51.2,12.3
Bolinas CDP,1483,723,760,54.5,53.6,55.7,40,207,1233,727,632,553,51.2,14
Corte Madera town,10222,4886,5336,44.3,42.8,45.6,536,2583,7318,3324,2489,1858,52.2,25.3
Dillon Beach CDP,246,125,121,57.5,59.3,57.1,6,29,207,138,107,78,49.2,11.8
Fairfax town,7605,3674,3931,49.5,48.7,50.1,273,1405,5998,3022,2372,1760,51.7,18.5
Inverness CDP,1379,656,723,61.1,60.3,61.9,34,155,1200,791,707,595,52.4,11.2
Kentfield CDP,6808,3278,3530,46.5,46,47.1,281,1740,4819,2405,1903,1479,51.9,25.6
Lagunitas-Forest Knolls CDP,1924,945,979,51.3,49.8,53.5,59,287,1601,879,702,530,50.9,14.9
Larkspur city,13064,6037,7027,49.2,47.8,50.3,506,2384,10360,5352,4288,3368,53.8,18.2
Lucas Valley-Marinwood CDP,6259,2998,3261,48.8,46.8,50.8,254,1372,4706,2506,2042,1582,52.1,21.9
Marin City CDP,2993,1381,1612,38.8,37.1,40.6,140,615,2279,817,629,441,53.9,20.5
Mill Valley city,14231,6650,7581,48.7,47.8,49.3,577,3202,10581,5483,4363,3356,53.3,22.5
Muir Beach CDP,304,158,146,53.7,57.7,50.3,17,45,246,147,120,101,48,14.8
Nicasio CDP,81,35,46,51.3,45.5,59.5,7,16,65,38,35,14,56.8,19.8
Novato city,53225,25582,27643,45.3,43.1,47.2,2490,10932,40533,19518,15588,11767,51.9,20.5
Point Reyes Station CDP,895,414,481,56,54.9,57.4,26,130,739,458,394,328,53.7,14.5
Ross town,2338,1133,1205,45.8,45.3,46,118,671,1598,806,646,520,51.5,28.7
San Anselmo town,12830,6071,6759,47.2,46.6,47.8,570,2879,9541,4653,3636,2657,52.7,22.4
San Geronimo CDP,510,247,263,54.3,53.4,56.1,22,105,399,243,194,160,51.6,20.6
San Rafael city,61271,30421,30850,41.3,39.9,43,3269,12564,46271,19477,15673,12076,50.4,20.5
Santa Venetia CDP,4289,2037,2252,50.2,48.4,52.1,163,715,3456,1883,1530,1168,52.5,16.7
Sausalito city,7269,3435,3834,52.5,52.4,52.5,256,688,6492,3341,2692,2015,52.7,9.5
Sleepy Hollow CDP,2401,1171,1230,50,50.7,49.5,61,587,1720,980,776,592,51.2,24.4
Stinson Beach CDP,541,255,286,60.4,62.4,59.8,11,36,495,303,274,224,52.9,6.7
Strawberry CDP,5447,2544,2903,47,45.5,48.4,220,1092,4232,2045,1644,1265,53.3,20
Tamalpais-Homestead Valley CDP,11492,5577,5915,46.9,46.7,47.1,556,2734,8430,4082,3148,2325,51.5,23.8
Tiburon town,9146,4338,4808,49.2,48.4,49.7,366,2062,6840,3695,3028,2405,52.6,22.5
Tomales CDP,187,90,97,57.2,56.5,57.3,4,16,168,100,78,62,51.9,8.6
Woodacre CDP,1410,684,726,52.9,55.4,51.6,37,229,1150,664,563,448,51.5,16.2
Mariposa County,17131,8609,8522,52.1,50.7,53.2,730,2944,13771,7961,6540,4800,49.7,17.2
Bear Valley CDP,156,77,79,33,31.6,39.8,23,56,99,61,52,36,50.6,35.9
Bootjack CDP,661,358,303,50.5,54.2,48.1,29,138,505,299,261,200,45.8,20.9
Buck Meadows CDP,21,17,4,40.5,39.3,50,0,3,17,5,4,3,19,14.3
Catheys Valley CDP,829,448,381,49.4,49.2,49.8,52,164,644,369,289,204,46,19.8
Coulterville CDP,115,53,62,48.3,45.9,59,3,18,94,54,47,25,53.9,15.7
Crane Creek CDP,29,10,19,31.5,28.7,32.5,0,3,26,7,7,5,65.5,10.3
El Portal CDP,372,201,171,36.7,38.3,35.2,17,63,309,95,67,41,46,16.9
Fish Camp CDP,49,27,22,55.6,59.3,55.3,0,0,49,27,17,14,44.9,0
Greeley Hill CDP,927,450,477,58.6,58.1,59.2,44,124,779,530,430,331,51.5,13.4
Hornitos CDP,38,22,16,49.5,40,57,0,0,38,18,11,9,42.1,0
Lake Don Pedro CDP,1765,888,877,54.7,54.5,54.8,58,266,1460,872,710,492,49.7,15.1
Mariposa CDP,1526,724,802,50.1,42.8,53.5,68,270,1215,687,593,458,52.6,17.7
Midpines CDP,379,199,180,44.8,44.3,45.5,12,70,302,137,93,69,47.5,18.5
Mt. Bullion CDP,154,75,79,49,47.4,53.3,6,23,129,62,61,41,51.3,14.9
Wawona CDP,111,59,52,49.5,45.5,52.5,2,20,91,52,41,28,46.8,18
Yosemite Valley CDP,337,157,180,36.3,38.2,34.7,19,61,269,75,49,22,53.4,18.1
Yosemite West CDP,47,31,16,44.5,37.3,59,0,2,43,17,15,4,34,4.3
Mendocino County,91601,45837,45764,43.2,41.8,44.8,4576,18850,69827,33603,27848,21176,50,20.6
Albion CDP,153,80,73,60.3,55,61.8,4,10,134,94,78,66,47.7,6.5
Anchor Bay CDP,473,212,261,60.4,57,61.2,5,37,430,274,241,155,55.2,7.8
Boonville CDP,1018,517,501,41,42.2,40.3,61,210,750,312,254,212,49.2,20.6
Brooktrails CDP,3632,1876,1756,37.9,37,39.1,214,876,2634,1073,877,660,48.3,24.1
Calpella CDP,799,417,382,39.5,39.1,40.8,34,175,591,224,173,128,47.8,21.9
Caspar CDP,500,251,249,58.3,59.5,56.4,13,64,427,265,240,204,49.8,12.8
Cleone CDP,622,313,309,48,47.9,48.5,17,123,486,273,235,176,49.7,19.8
Comptche CDP,167,78,89,43.5,47.3,41.9,6,26,139,58,54,37,53.3,15.6
Covelo CDP,1394,775,619,35.4,34.8,36.2,113,361,987,341,270,186,44.4,25.9
Fort Bragg city,6983,3363,3620,43.3,41.4,45.3,322,1460,5316,2512,2068,1584,51.8,20.9
Hopland CDP,661,346,315,42.6,43.5,41.3,42,146,501,224,174,110,47.7,22.1
Laytonville CDP,1152,627,525,42,40.3,43.4,54,225,882,402,317,219,45.6,19.5
Leggett CDP,77,39,38,40.5,33.9,50,2,12,58,19,18,12,49.4,15.6
Little River CDP,94,39,55,67.3,61.8,72.5,2,10,84,62,56,50,58.5,10.6
Manchester CDP,159,83,76,43.5,51.2,40.3,7,34,117,62,50,38,47.8,21.4
Mendocino CDP,932,432,500,61.2,58.6,61.9,19,113,798,536,479,383,53.6,12.1
Philo CDP,319,192,127,39.8,41,33.8,15,68,234,95,72,47,39.8,21.3
Point Arena city,460,234,226,45.3,45.4,45.2,28,100,343,170,145,104,49.1,21.7
Potter Valley CDP,665,352,313,38.3,37.1,40.9,29,176,479,227,187,145,47.1,26.5
Redwood Valley CDP,1843,913,930,42.1,43.3,40.9,85,424,1388,646,541,375,50.5,23
Talmage CDP,986,409,577,43.4,43.1,43.6,38,198,747,351,279,206,58.5,20.1
Ukiah city,16607,8011,8596,38.2,36.2,40.3,1015,3847,12109,5136,4118,3100,51.8,23.2
Willits city,4988,2360,2628,40.2,37.2,42.9,271,1148,3684,1618,1322,982,52.7,23
Merced County,281202,140337,140865,32,31,32.9,20026,80979,184766,62992,47623,33481,50.1,28.8
Atwater city,31970,15647,16323,33.2,31.1,34.9,2363,9409,21148,7506,5692,4097,51.1,29.4
Ballico CDP,347,173,174,32.9,32.5,33.5,23,89,240,91,62,39,50.1,25.6
Bear Creek CDP,273,134,139,33.9,32.5,36.3,21,76,191,81,63,47,50.9,27.8
Cressey CDP,366,177,189,33,35.5,31.6,19,118,239,91,68,51,51.6,32.2
Delhi CDP,10656,5422,5234,30.8,29.9,31.9,766,3212,6909,2030,1429,956,49.1,30.1
Dos Palos city,5798,2848,2950,32.1,31.5,32.7,431,1727,3808,1323,972,698,50.9,29.8
Dos Palos Y CDP,310,167,143,35,32.9,36.5,14,84,218,76,60,39,46.1,27.1
El Nido CDP,331,172,159,29.4,31.3,26.8,18,99,214,47,32,19,48,29.9
Franklin CDP,6919,3438,3481,30.1,29.2,31.4,585,2204,4403,1379,1004,627,50.3,31.9
Gustine city,6110,3017,3093,35.3,33.8,37.1,414,1670,4153,1687,1302,980,50.6,27.3
Hilmar-Irwin CDP,5164,2493,2671,39.4,38.3,40.3,316,1216,3731,1605,1244,906,51.7,23.5
Le Grand CDP,1592,833,759,35.3,33.3,36.9,91,442,1075,400,296,207,47.7,27.8
Livingston city,14172,7054,7118,32.2,31.2,33.2,1019,3978,9494,3088,2305,1544,50.2,28.1
Los Banos city,45532,22548,22984,31.6,30.7,32.5,3359,14075,29193,9578,7120,4914,50.5,30.9
McSwain CDP,4480,2259,2221,42.2,41.3,43.1,203,1106,3211,1512,1142,785,49.6,24.7
Merced city,86333,42330,44003,30.5,29.5,31.7,6442,24986,56758,18266,13999,9972,51,28.9
Planada CDP,4164,2087,2077,32.2,31.1,33.2,267,1248,2722,920,649,439,49.9,30
Santa Nella CDP,2211,1151,1060,31.2,30.7,31.8,205,712,1412,416,280,173,47.9,32.2
Snelling CDP,238,129,109,43.3,39.5,49.5,11,56,177,86,69,50,45.8,23.5
South Dos Palos CDP,1747,908,839,29.2,28.9,29.5,176,621,1063,305,231,168,48,35.5
Stevinson CDP,275,145,130,37.3,32.3,44.3,21,79,192,83,67,40,47.3,28.7
Tuttle CDP,102,57,45,42,44.8,35.3,4,24,70,26,19,14,44.1,23.5
University of California-Merced CDP,0,0,0,NA,NA,NA,0,0,0,0,0,0,NA,NA
Volta CDP,366,180,186,28.9,34,26.3,31,113,231,90,69,46,50.8,30.9
Winton CDP,11709,5854,5855,28.6,28.4,28.8,976,3878,7250,2079,1525,1058,50,33.1
Modoc County,8700,4347,4353,48.7,47.3,49.7,452,1795,6698,3733,3081,2320,50,20.6
Adin CDP,205,96,109,57.6,51,58.8,13,38,163,114,79,46,53.2,18.5
Alturas city,2715,1290,1425,38.9,38.3,40.2,161,673,1961,912,725,537,52.5,24.8
California Pines CDP,473,254,219,46.5,42.3,57.1,29,101,364,199,149,110,46.3,21.4
Canby CDP,183,98,85,55.5,57.5,51.5,6,25,154,93,79,56,46.4,13.7
Cedarville CDP,437,199,238,56.1,50.3,59,22,80,343,220,196,151,54.5,18.3
Daphnedale Park CDP,129,55,74,44.3,55.8,43.3,7,29,99,56,48,29,57.4,22.5
Eagleville CDP,45,15,30,65.8,65.5,67,0,3,42,33,28,25,66.7,6.7
Fort Bidwell CDP,180,97,83,47.5,39.8,52.5,9,35,140,71,66,50,46.1,19.4
Lake City CDP,71,41,30,53.2,52.5,53.7,3,15,55,32,31,25,42.3,21.1
Likely CDP,58,26,32,59.4,64,56.3,3,7,49,43,26,20,55.2,12.1
Lookout CDP,68,40,28,51,58.3,37,4,20,48,31,25,25,41.2,29.4
Newell CDP,301,155,146,45.9,46.8,45,17,77,217,113,95,64,48.5,25.6
New Pine Creek CDP,87,44,43,59.2,62.5,56.8,5,11,74,54,38,35,49.4,12.6
Mono County,13195,7048,6147,39.5,39.5,39.5,717,2640,10150,4074,3148,2128,46.6,20
Aspen Springs CDP,70,35,35,49.5,53.1,37.2,1,16,54,26,15,12,50,22.9
Benton CDP,279,137,142,48.3,45.6,52.5,9,51,224,112,87,45,50.9,18.3
Bridgeport CDP,553,298,255,45.2,44,45.9,31,98,438,210,163,112,46.1,17.7
Chalfant CDP,660,331,329,52.6,53.1,52.2,30,130,515,301,230,173,49.8,19.7
Coleville CDP,419,202,217,29.3,29.4,29.2,39,129,282,88,70,38,51.8,30.8
Crowley Lake CDP,980,528,452,42.9,42.6,44,68,221,725,375,277,187,46.1,22.6
June Lake CDP,611,317,294,43.6,45.3,40.3,28,102,500,226,182,135,48.1,16.7
Lee Vining CDP,217,102,115,42.5,48.5,39.8,10,46,161,70,56,38,53,21.2
McGee Creek CDP,45,22,23,46.3,46.5,45.5,2,12,31,17,10,8,51.1,26.7
Mammoth Lakes town,7191,3896,3295,36.5,37,36.2,407,1503,5445,1677,1258,793,45.8,20.9
Mono City CDP,224,112,112,41.8,47.3,40.8,10,49,168,87,76,54,50,21.9
Paradise CDP,174,96,78,59.6,59.7,59.5,5,21,150,109,84,74,44.8,12.1
Sunny Slopes CDP,139,69,70,54.8,53.5,56.2,3,18,120,69,53,34,50.4,12.9
Swall Meadows CDP,178,94,84,63.1,62.8,63.4,5,11,164,115,105,61,47.2,6.2
Topaz CDP,150,89,61,49.7,49.8,46.5,12,24,124,67,55,43,40.7,16
Twin Lakes CDP,45,31,14,45.5,45.5,45,1,6,36,18,12,11,31.1,13.3
Virginia Lakes CDP,7,4,3,55.5,64,18.5,0,1,4,4,3,0,42.9,14.3
Walker CDP,704,369,335,56.6,50.1,59.4,29,99,590,369,306,230,47.6,14.1
Monterey County,439035,221123,217912,35,34,36,26907,111258,307491,111166,86741,62416,49.6,25.3
Aromas CDP (part),1365,702,663,43.9,42.3,45.1,51,237,1073,510,419,300,48.6,17.4
Boronda CDP,1760,926,834,33.1,32.3,33.5,102,475,1205,355,241,137,47.4,27
Bradley CDP,69,22,47,60.3,61,60.3,0,4,65,41,35,27,68.1,5.8
Carmel-by-the-Sea city,3220,1444,1776,63,62.7,63.2,62,329,2833,2057,1799,1488,55.2,10.2
Carmel Valley Village CDP,4524,2115,2409,53.4,51.8,54.7,152,788,3607,2172,1857,1423,53.2,17.4
Castroville CDP,7515,3774,3741,28.2,27.5,28.9,672,2531,4612,1225,884,593,49.8,33.7
Chualar CDP,1185,631,554,30.3,29.1,31.8,76,377,758,211,146,101,46.8,31.8
Del Monte Forest CDP,4204,2019,2185,60,59.8,60.1,93,656,3400,2407,2099,1747,52,15.6
Del Rey Oaks city,1592,768,824,49.3,47,51.5,61,218,1336,668,540,417,51.8,13.7
Elkhorn CDP,1588,768,820,39.9,39.1,41,65,328,1190,561,449,313,51.6,20.7
Fort Hunter Liggett CDP,250,140,110,34.5,28,39.3,27,63,174,55,45,23,44,25.2
Gonzales city,8647,4377,4270,29.8,28.9,31.3,613,2652,5546,1573,1151,743,49.4,30.7
Greenfield city,18937,9556,9381,27.3,26.8,27.8,1775,6664,11353,2768,1999,1270,49.5,35.2
King City city,13332,6850,6482,28.7,28.3,29.2,1119,4482,8209,1971,1428,958,48.6,33.6
Las Lomas CDP,3046,1575,1471,30.1,30.8,29,233,911,2006,565,424,293,48.3,29.9
Lockwood CDP,368,208,160,42.7,41.9,43.7,2,78,272,118,101,80,43.5,21.2
Marina city,22359,10613,11746,35.6,34.5,36.7,1160,5304,15862,6064,4713,3273,52.5,23.7
Monterey city,30218,15345,14873,36.7,34.5,39.5,1282,3861,24079,9609,7872,6023,49.2,12.8
Moss Landing CDP,237,138,99,51.3,55.3,42.5,10,34,191,109,74,54,41.8,14.3
Pacific Grove city,15090,7029,8061,49.2,46.9,51.3,530,2659,12078,6465,5501,4327,53.4,17.6
Pajaro CDP,2882,1519,1363,27.9,27.6,28.3,271,994,1703,412,287,172,47.3,34.5
Pine Canyon CDP,1871,937,934,37.7,34.5,40.1,121,468,1315,491,382,278,49.9,25
Prunedale CDP,18885,9544,9341,40.8,39.7,42,988,4185,13969,6319,4932,3474,49.5,22.2
Salinas city,163542,81671,81871,31.6,30.7,32.5,11543,47628,108152,31776,23654,16087,50.1,29.1
San Ardo CDP,392,226,166,28.8,30.4,24.8,21,136,238,82,64,48,42.3,34.7
Sand City city,325,174,151,42.4,39,43.8,12,47,264,97,60,44,46.5,14.5
San Lucas CDP,324,162,162,28.8,29,28.7,28,112,200,48,43,29,50,34.6
Seaside city,32366,15899,16467,34,33.2,34.7,2026,8011,22728,7463,5606,3913,50.9,24.8
Soledad city,24925,15378,9547,33.1,34,30.2,1379,6107,17766,3598,2401,1450,38.3,24.5
Spreckels CDP,692,341,351,39.7,40.4,39.1,52,195,485,235,191,130,50.7,28.2
Napa County,138019,67777,70242,42.9,41.3,44.4,6139,27546,105537,47661,38053,28688,50.9,20
American Canyon city,21837,10641,11196,38.3,36.6,39.7,990,5276,15577,5736,4218,2915,51.3,24.2
Angwin CDP,2633,1272,1361,32.1,34.8,30,81,394,1881,675,518,380,51.7,15
Calistoga city,5228,2501,2727,44.8,42.3,47.2,248,1107,3987,1938,1608,1255,52.2,21.2
Deer Park CDP,1294,572,722,56,53.5,57.3,32,190,1077,668,574,464,55.8,14.7
Moskowite Corner CDP,237,113,124,39.3,39.8,38.9,15,47,185,76,44,26,52.3,19.8
Napa city,79246,38759,40487,40.9,39.2,42.6,3856,16291,60277,25161,19769,14666,51.1,20.6
Oakville CDP,49,18,31,51.5,56.5,40.9,1,7,42,22,20,20,63.3,14.3
Rutherford CDP,115,58,57,52.5,41,56.5,2,14,98,45,37,32,49.6,12.2
St. Helena city,5430,2538,2892,48,46.2,49.9,185,1041,4204,2216,1853,1456,53.3,19.2
Silverado Resort CDP,948,454,494,61.2,60.2,63.2,27,119,820,626,504,410,52.1,12.6
Yountville city,3436,1822,1614,74,74.2,73.3,51,187,3225,2704,2545,2295,47,5.4
Nevada County,102241,50424,51817,49.7,47.8,51.6,4186,17910,81732,44944,37460,28559,50.7,17.5
Alta Sierra CDP,7204,3443,3761,50.7,49.1,52.3,328,1391,5642,3280,2742,2114,52.2,19.3
Floriston CDP,80,58,22,38.6,38.4,41,11,20,57,19,16,12,27.5,25
Graniteville CDP,1,0,1,34.5,NA,34.5,0,0,1,0,0,0,100,0
Grass Valley city,14016,6279,7737,47.5,41.8,53.1,629,2467,11206,5990,5197,4275,55.2,17.6
Kingvale CDP (part),126,76,50,48,51.3,42,2,22,103,42,32,21,39.7,17.5
Lake of the Pines CDP,4301,2039,2262,56.9,55.6,57.9,126,649,3525,2290,1910,1443,52.6,15.1
Lake Wildwood CDP,5158,2472,2686,60.5,59.4,61.3,169,768,4276,2951,2626,2187,52.1,14.9
Nevada City city,3152,1608,1544,51,47.1,55.2,91,430,2659,1433,1223,927,49,13.6
North San Juan CDP,245,149,96,47.6,48.4,43,7,37,205,92,83,69,39.2,15.1
Penn Valley CDP,1593,784,809,47.4,44.3,50.2,73,317,1225,645,508,375,50.8,19.9
Rough and Ready CDP,905,446,459,53.2,51.3,55.9,31,108,772,440,378,262,50.7,11.9
Soda Springs CDP,94,53,41,43,42.4,43.8,4,15,74,29,26,18,43.6,16
Truckee town,16729,8638,8091,40,40.2,39.9,891,3841,12437,4471,3341,2194,48.4,23
Washington CDP,101,57,44,59.9,55.5,63.5,0,10,90,58,50,42,43.6,9.9
Orange County,3186989,1563452,1623537,39,37.6,40.3,156601,667331,2381657,912040,695534,501104,50.9,20.9
Aliso Viejo city,52176,24852,27324,38.8,37.5,39.9,2758,11598,38359,12485,8458,5487,52.4,22.2
Anaheim city,346824,171077,175747,35.6,34.5,36.7,19074,78400,253256,84530,62834,44022,50.7,22.6
Brea city,47325,22843,24482,40.1,38.9,41.2,2479,10012,35721,13991,10796,7824,51.7,21.2
Buena Park city,84034,41145,42889,37.9,36.1,39.5,4388,18086,62543,23054,17322,11830,51,21.5
Costa Mesa city,111918,56285,55633,35.9,35.5,36.3,5965,21533,86622,26702,20002,14055,49.7,19.2
Coto de Caza CDP,14710,7254,7456,46.6,46.5,46.6,494,3270,10680,5095,3527,2322,50.7,22.2
Cypress city,50151,24038,26113,41.5,40.1,42.8,2157,10734,37466,15359,11660,8397,52.1,21.4
Dana Point city,33107,16050,17057,49.8,48.7,50.6,1199,5076,26957,13897,10957,8115,51.5,15.3
Fountain Valley city,57047,27669,29378,45.2,43.2,46.8,2202,10613,44304,20619,16365,12368,51.5,18.6
Fullerton city,143617,70207,73410,36.7,35.6,37.9,7038,29412,106474,37676,28725,20563,51.1,20.5
Garden Grove city,171949,84823,87126,39.1,37.8,40.3,8231,35969,128783,48585,36460,25274,50.7,20.9
Huntington Beach city,198711,97409,101302,43.6,42.3,44.8,8284,35528,156322,67512,51991,38274,51,17.9
Irvine city,307670,150622,157048,34.3,33,35.5,15611,64533,222481,63191,47366,33886,51,21
Ladera Ranch CDP,26170,12815,13355,34.9,33.3,35.8,1740,9172,15872,3790,2480,1696,51,35
Laguna Beach city,23032,11447,11585,52,52.1,51.9,588,3290,18960,10351,8161,6052,50.3,14.3
Laguna Hills city,31374,15184,16190,43.3,41.5,45.1,1454,6044,24228,10797,8399,6108,51.6,19.3
Laguna Niguel city,64355,31180,33175,47,45,48.4,2559,11699,50406,24634,19087,13589,51.5,18.2
Laguna Woods city,17644,6651,10993,74.9,74.9,75,36,105,17533,16860,16054,14508,62.3,0.6
La Habra city,63097,30724,32373,37.5,36.1,38.7,3684,14182,46400,16874,12730,8904,51.3,22.5
Lake Forest city,85858,42288,43570,39.5,38.3,40.7,4971,18314,64522,24676,18092,12453,50.7,21.3
La Palma city,15581,7509,8072,44.1,42.1,45.7,651,2936,12094,5385,4264,3171,51.8,18.8
Las Flores CDP,5995,2971,3024,35.7,34.5,36.8,310,1608,4068,1150,695,390,50.4,26.8
Los Alamitos city,11780,5613,6167,39.3,37.1,40.9,581,2774,8563,3376,2591,1897,52.4,23.5
Midway City CDP,8825,4279,4546,40,38.8,41,384,1832,6601,2633,2012,1471,51.5,20.8
Mission Viejo city,93653,45412,48241,45.9,43.6,47.9,4077,17621,72739,34857,27273,20087,51.5,18.8
Modjeska CDP,632,304,328,49.1,50.8,47.7,20,99,523,265,210,144,51.9,15.7
Newport Beach city,85239,41642,43597,47.4,46.3,48.3,3048,13862,68887,33471,26840,20555,51.1,16.3
North Tustin CDP,25718,12683,13035,46.7,45.4,47.8,1056,5520,19223,9634,7457,5504,50.7,21.5
Orange city,139911,69362,70549,37,35.8,38.2,7232,28093,103999,37645,28607,20419,50.4,20.1
Placentia city,51824,25227,26597,39,37.4,40.5,2726,11568,38111,14798,11489,8391,51.3,22.3
Rancho Mission Viejo CDP,10378,4942,5436,39.2,38.4,40,960,2569,7600,3185,2686,2144,52.4,24.8
Rancho Santa Margarita city,47949,23317,24632,40,38.5,41.2,2438,10927,35075,13159,8849,5466,51.4,22.8
Rossmoor CDP,10625,5154,5471,45.1,44.6,45.5,438,2567,7702,3827,2972,2168,51.5,24.2
San Clemente city,64293,31924,32369,43.9,42.7,45,2739,13559,48245,22228,17055,12207,50.3,21.1
San Juan Capistrano city,35196,17253,17943,44.1,42.1,45.9,1690,7538,26331,12761,10074,7617,51,21.4
Santa Ana city,310227,156986,153241,33.5,32.9,34.3,17740,77054,218436,64362,46570,31630,49.4,24.8
Seal Beach city,25242,11226,14016,60.8,57,63.5,702,3082,21664,14593,12942,10907,55.5,12.2
Silverado CDP,932,450,482,50.3,51.7,49.4,38,114,792,401,297,199,51.7,12.2
Stanton city,37962,18744,19218,37.4,36,38.7,2096,8627,27702,10134,7531,5167,50.6,22.7
Trabuco Canyon CDP,1020,500,520,45.4,45,45.9,34,177,808,357,281,178,51,17.4
Tustin city,80276,39003,41273,36.3,34.9,37.6,4493,18476,58588,18668,13509,9434,51.4,23
Villa Park city,5843,2880,2963,51.8,50.8,52.7,163,1054,4585,2658,2155,1630,50.7,18
Westminster city,90911,44376,46535,42.8,41.2,44.2,3730,17386,69727,29639,22981,16874,51.2,19.1
Williams Canyon CDP,93,39,54,55.1,55.8,53,4,10,82,47,39,31,58.1,10.8
Yorba Linda city,68336,33114,35222,44.7,43.6,45.6,2874,14699,51018,24151,18728,13521,51.5,21.5
Placer County,404739,196942,207797,42.4,41,43.8,20691,91622,299162,137262,109559,82923,51.3,22.6
Alta CDP,615,320,295,50.2,54.3,43.8,33,118,489,275,213,155,48,19.2
Auburn city,13776,6483,7293,49,45.8,51.3,585,2398,10977,5868,4825,3658,52.9,17.4
Carnelian Bay CDP,518,271,247,46.5,44.3,49.6,25,83,429,216,167,120,47.7,16
Cedar Flat CDP,797,428,369,48.5,48,48.8,23,131,653,330,247,174,46.3,16.4
Colfax city,1995,981,1014,38.6,37.3,40.3,122,421,1504,637,523,358,50.8,21.1
Dollar Point CDP,1261,631,630,46.9,46.8,47.1,45,207,1027,483,377,302,50,16.4
Dutch Flat CDP,183,97,86,54.2,51.3,61.3,8,28,148,89,80,61,47,15.3
Foresthill CDP,1692,879,813,39.8,40.4,38.8,94,368,1265,570,464,311,48,21.7
Granite Bay CDP,21247,10469,10778,48.8,48,49.4,837,4694,15816,8526,6506,4702,50.7,22.1
Kings Beach CDP,3563,1881,1682,36.5,36.9,36.1,207,852,2597,807,617,411,47.2,23.9
Kingvale CDP (part),2,1,1,40.5,67.5,13.5,0,1,1,1,1,1,50,50
Lincoln city,49757,23592,26165,44.6,42.7,46.6,2629,11535,36739,19221,16728,14154,52.6,23.2
Loomis town,6836,3369,3467,42.3,40.9,43.9,328,1632,4935,2322,1768,1247,50.7,23.9
Meadow Vista CDP,3263,1567,1696,51.7,50.4,53,125,615,2587,1507,1221,871,52,18.8
Newcastle CDP,1321,615,706,50.3,48.9,51,45,250,1029,571,466,335,53.4,18.9
North Auburn CDP,13452,6420,7032,46,41.8,50.4,597,2562,10523,5513,4637,3690,52.3,19
Penryn CDP,1150,588,562,45.2,46.5,44.4,55,263,858,432,331,250,48.9,22.9
Rocklin city,71601,34774,36827,38.5,37.2,39.7,3960,18565,49950,18949,14374,10560,51.4,25.9
Roseville city,147773,71124,76649,39.8,38.4,41.3,8330,34915,107598,43918,34579,26148,51.9,23.6
Sheridan CDP,1385,681,704,41.4,46.1,39.2,75,319,1016,479,367,253,50.8,23
Sunnyside-Tahoe City CDP,1555,822,733,45,44.8,45.3,46,235,1296,537,410,298,47.1,15.1
Tahoe Vista CDP,1392,714,678,40.8,42.3,40.2,80,294,1064,447,351,221,48.7,21.1
Tahoma CDP (part),362,198,164,54.4,57,53.6,6,50,304,177,142,93,45.3,13.8
Plumas County,19790,9948,9842,53,51.8,54,845,3450,15859,9407,7877,5902,49.7,17.4
Almanor CDP,3,1,2,59.5,59.5,50.5,0,0,3,2,1,0,66.7,0
Beckwourth CDP,478,237,241,59.4,59.9,56.8,10,61,405,270,227,159,50.4,12.8
Belden CDP,15,2,13,35.5,21,36.5,0,4,11,5,5,4,86.7,26.7
Blairsden CDP,38,20,18,72.2,70,73,0,2,36,27,24,21,47.4,5.3
Bucks Lake CDP,22,16,6,41.7,41.6,46,1,2,19,4,3,2,27.3,9.1
Canyondam CDP,30,20,10,71.6,71.5,71.7,2,2,28,25,21,21,33.3,6.7
Caribou CDP,1,1,0,9.5,9.5,NA,0,1,0,0,0,0,0,100
Chester CDP,2187,1120,1067,53.3,51.5,55.3,100,393,1743,1045,862,654,48.8,18
Chilcoot-Vinton CDP,446,224,222,42.4,38.3,48,39,105,334,172,138,95,49.8,23.5
Clio CDP,77,38,39,65.6,66.8,57.9,1,13,64,53,49,41,50.6,16.9
Crescent Mills CDP,206,94,112,46.7,44.3,52.7,4,34,165,86,71,61,54.4,16.5
C-Road CDP,140,66,74,62.4,62.3,63,7,27,109,86,79,50,52.9,19.3
Cromberg CDP,272,144,128,57,53.8,57.6,15,32,237,143,105,64,47.1,11.8
Delleker CDP,802,392,410,38,38.3,37.7,48,221,551,250,190,131,51.1,27.6
East Quincy CDP,2463,1248,1215,42.5,40.7,44.3,143,521,1866,878,704,522,49.3,21.2
East Shore CDP,181,93,88,66.9,67.1,64,3,13,168,127,118,96,48.6,7.2
Gold Mountain CDP,73,26,47,61.9,61.7,62.5,1,1,72,45,43,27,64.4,1.4
Graeagle CDP,724,358,366,65,65.3,64.7,10,47,661,528,466,362,50.6,6.5
Greenhorn CDP,247,135,112,46.5,53.5,40.7,6,54,188,110,108,75,45.3,21.9
Greenville CDP,1026,519,507,48.5,49.9,46.9,41,178,820,448,360,273,49.4,17.3
Hamilton Branch CDP,505,273,232,57.1,56.6,57.6,15,80,417,281,222,156,45.9,15.8
Indian Falls CDP,79,55,24,51.5,52.3,16,3,29,50,32,30,16,30.4,36.7
Iron Horse CDP,269,131,138,47.8,48.9,43.7,12,52,207,113,95,75,51.3,19.3
Johnsville CDP,22,11,11,60.5,61.3,57.5,0,4,15,14,12,8,50,18.2
Keddie CDP,51,28,23,56.1,47.5,56.8,4,7,43,27,16,8,45.1,13.7
Lake Almanor Country Club CDP,451,232,219,64.7,64.5,64.8,10,47,395,326,278,221,48.6,10.4
Lake Almanor Peninsula CDP,366,197,169,57.3,54.9,57.6,6,41,312,190,171,141,46.2,11.2
Lake Almanor West CDP,211,110,101,64.8,64.5,65.1,2,15,190,134,125,105,47.9,7.1
Lake Davis CDP,72,25,47,58.5,63.8,56.6,0,4,65,41,35,23,65.3,5.6
La Porte CDP,65,41,24,61.2,64.8,56,2,7,58,39,34,28,36.9,10.8
Little Grass Valley CDP,25,17,8,57.5,59.3,39,0,3,22,14,9,4,32,12
Mabie CDP,181,89,92,59.7,59.8,59.5,3,18,160,119,88,66,50.8,9.9
Meadow Valley CDP,453,219,234,57.8,60.1,56.6,15,65,381,241,199,143,51.7,14.3
Mohawk Vista CDP,107,62,45,64.8,65.2,64.2,3,11,95,74,59,53,42.1,10.3
Paxton CDP,0,0,0,NA,NA,NA,0,0,0,0,0,0,NA,NA
Plumas Eureka CDP,334,177,157,65.5,66.4,63.6,4,22,310,226,195,173,47,6.6
Portola city,2100,1027,1073,41,38.7,42.1,117,489,1553,772,612,425,51.1,23.3
Prattville CDP,24,18,6,66.8,67,66.7,0,1,23,20,18,17,25,4.2
Quincy CDP,1630,767,863,42.5,41.4,43.1,80,330,1252,621,530,381,52.9,20.2
Spring Garden CDP,19,13,6,36.3,34.5,36.5,2,3,14,5,5,4,31.6,15.8
Taylorsville CDP,123,60,63,56.8,52.5,59.8,6,20,97,65,54,33,51.2,16.3
Tobin CDP,19,11,8,68.5,65.5,70,0,5,14,13,13,11,42.1,26.3
Twain CDP,75,31,44,62.2,62.8,57.5,3,10,65,42,39,32,58.7,13.3
Valley Ranch CDP,128,62,66,65.5,66.7,65.1,5,8,120,89,80,68,51.6,6.3
Warner Valley CDP,8,4,4,53.5,62.5,45.5,0,0,8,4,3,3,50,0
Whitehawk CDP,144,57,87,68.8,71.5,66.8,3,6,138,121,117,97,60.4,4.2
Riverside County,2418185,1199118,1219067,36.8,35.8,37.9,139284,594680,1715512,665267,512874,370792,50.4,24.6
Aguanga CDP,989,488,501,64,63,65.2,28,89,867,638,559,469,50.7,9
Anza CDP,3075,1645,1430,48.1,47,49.6,135,569,2423,1258,987,680,46.5,18.5
Banning city,29505,13977,15528,45,41.2,48.3,1607,6197,22363,12041,10287,8278,52.6,21
Beaumont city,53036,25750,27286,36.8,35.8,37.6,3363,14445,36548,13856,11136,8264,51.4,27.2
Bermuda Dunes CDP,8244,4033,4211,40.3,38.6,42.3,452,1796,6198,2703,2150,1576,51.1,21.8
Blythe city,18317,12183,6134,36.9,36.9,36.7,778,3363,14311,3865,2706,1689,33.5,18.4
Cabazon CDP,2629,1306,1323,34.8,34.6,34.9,155,709,1825,665,477,310,50.3,27
Calimesa city,10026,4887,5139,45.9,43.8,48.9,515,2002,7757,4059,3303,2501,51.3,20
Canyon Lake city,11082,5456,5626,45.3,44.7,46.1,525,2273,8442,4118,3200,2311,50.8,20.5
Cathedral City city,51493,26878,24615,41.6,42,41.1,2433,11100,38300,17146,13265,9778,47.8,21.6
Cherry Valley CDP,6509,3092,3417,55.1,53.6,56,243,1047,5273,3261,2744,2110,52.5,16.1
Coachella city,41941,20846,21095,28.6,27.4,29.8,2941,13547,25995,6696,4702,3078,50.3,32.3
Corona city,157136,77511,79625,36.3,35,37.5,8820,38178,111931,37757,26854,18042,50.7,24.3
Coronita CDP,2639,1356,1283,36.5,35,37.2,136,585,1934,687,492,365,48.6,22.2
Desert Center CDP,256,119,137,52,52.6,50.3,10,46,209,114,98,84,53.5,18
Desert Edge CDP,4180,2058,2122,60.2,58.4,61.8,149,648,3441,2402,2111,1711,50.8,15.5
Desert Hot Springs city,32512,16231,16281,33,32.3,33.8,2249,9171,21876,7575,5665,3900,50.1,28.2
Desert Palms CDP,6686,2852,3834,76.6,77.3,76.2,5,27,6653,6471,6233,5819,57.3,0.4
East Hemet CDP,19432,9584,9848,33.3,32.1,34.5,1333,5571,13060,4471,3376,2346,50.7,28.7
Eastvale city,69757,34167,35590,35.1,34,36.1,4272,20228,46447,13113,9162,6156,51,29
El Cerrito CDP,5058,2552,2506,38.3,37.6,38.9,263,1141,3709,1463,1100,731,49.5,22.6
El Sobrante CDP,14039,6885,7154,40.3,40,40.5,672,3344,10135,3980,2902,1896,51,23.8
French Valley CDP,35280,17376,17904,34.7,33.7,35.4,2267,10922,22784,6752,4909,3507,50.7,31
Garnet CDP,7118,3608,3510,33.1,32.5,33.6,462,2066,4720,1620,1200,791,49.3,29
Good Hope CDP,9468,4902,4566,30.2,29.8,30.6,714,2803,6133,1872,1378,900,48.2,29.6
Green Acres CDP,2918,1491,1427,33,33.1,32.8,198,794,1986,629,469,292,48.9,27.2
Hemet city,89833,42835,46998,40.3,38,42.5,5419,21344,65251,31644,26260,20496,52.3,23.8
Highgrove CDP,7515,3717,3798,32.5,31.7,33.3,549,2048,5133,1485,1045,672,50.5,27.3
Home Gardens CDP,11203,5617,5586,34.5,33.6,35.6,700,2871,7787,2579,1903,1325,49.9,25.6
Homeland CDP,6772,3410,3362,36.9,35.2,38.6,400,1768,4725,2019,1677,1248,49.6,26.1
Idyllwild-Pine Cove CDP,4163,2069,2094,52.7,52.2,53.2,132,617,3427,1970,1651,1217,50.3,14.8
Indian Wells city,4757,2203,2554,69.2,70,68.7,63,315,4402,3707,3385,2915,53.7,6.6
Indio city,89137,43517,45620,37.2,35.9,38.4,5161,22546,62831,25718,20660,15893,51.2,25.3
Indio Hills CDP,1048,559,489,36.5,37.1,35.9,55,252,740,265,193,118,46.7,24
Jurupa Valley city,105053,52509,52544,34.3,33.6,35.1,6632,27322,72802,24907,18439,12374,50,26
Lake Elsinore city,70265,34735,35530,33.3,32.5,34.1,4922,20011,47141,14155,10126,6548,50.6,28.5
Lakeland Village CDP,12364,6290,6074,35.4,35,35.8,840,3174,8660,3124,2336,1494,49.1,25.7
Lake Mathews CDP,5972,3032,2940,41.6,39.7,43.4,280,1275,4472,2001,1549,1109,49.2,21.3
Lake Riverside CDP,1375,706,669,44.6,43.2,45.4,69,299,1042,506,402,289,48.7,21.7
Lakeview CDP,1977,955,1022,32.7,31.8,34.1,104,510,1379,452,345,260,51.7,25.8
La Quinta city,37558,17898,19660,51.8,50.2,53.1,1441,6378,29982,17260,14311,11336,52.3,17
March ARB CDP,809,448,361,61.5,60.4,65.3,36,95,706,502,433,353,44.6,11.7
Meadowbrook CDP,3142,1631,1511,37.3,38.6,36.6,185,720,2299,941,723,509,48.1,22.9
Mead Valley CDP,19819,10169,9650,31.2,30.8,31.7,1371,5608,13151,4231,3075,2041,48.7,28.3
Mecca CDP,8219,4247,3972,26.6,26.2,27.3,621,2856,4849,1249,828,497,48.3,34.7
Menifee city,102527,49612,52915,39.6,37.9,41.4,6029,24229,74570,33026,26542,19895,51.6,23.6
Mesa Verde CDP,766,378,388,39.6,40.3,37.5,42,180,541,234,176,126,50.7,23.5
Moreno Valley city,208634,102051,106583,32,30.7,33.4,13799,57051,141299,43701,31801,21063,51.1,27.3
Mountain Center CDP,66,35,31,54.3,54.5,53.8,1,9,57,31,22,14,47,13.6
Murrieta city,110949,53992,56957,36.4,34.8,37.9,6109,28584,77275,28457,21370,15286,51.3,25.8
Norco city,26316,15066,11250,40.9,39.4,44,1132,4785,20600,7910,5777,3928,42.7,18.2
North Shore CDP,3585,1819,1766,28.4,27.3,29.6,226,1162,2224,603,415,275,49.3,32.4
Nuevo CDP,6733,3418,3315,35.6,35.1,36.2,403,1742,4650,1714,1257,854,49.2,25.9
Oasis CDP,4468,2263,2205,26,25.6,26.5,388,1647,2542,613,425,253,49.4,36.9
Palm Desert city,51163,23809,27354,56.1,53.9,57.9,1733,7023,42864,26310,22810,18804,53.5,13.7
Palm Springs city,44575,27049,17526,57.9,58.3,57,1008,4334,39418,25045,20239,15213,39.3,9.7
Perris city,78700,38968,39732,29.5,28.5,30.5,5792,24568,49907,12877,8903,5796,50.5,31.2
Rancho Mirage city,16999,8577,8422,66.2,65.7,66.6,254,1313,15451,12123,10685,8931,49.5,7.7
Ripley CDP,538,244,294,31.6,31.3,33,52,169,351,147,127,79,54.6,31.4
Riverside city,314998,154703,160295,33.3,32.2,34.5,18322,73378,221927,73329,54850,37819,50.9,23.3
Romoland CDP,2005,1028,977,33.7,32.7,34.5,123,538,1355,472,322,212,48.7,26.8
Sage CDP,3370,1734,1636,45.5,46,44.7,147,681,2573,1288,987,690,48.5,20.2
San Jacinto city,53898,26242,27656,32.4,31.2,33.6,3688,15898,35435,11910,8990,6311,51.3,29.5
Sky Valley CDP,2411,1281,1130,52.8,52.6,53,121,418,1935,1123,926,712,46.9,17.3
Temecula city,110003,53547,56456,37,35.7,38.2,6002,28554,76686,27687,20243,13757,51.3,26
Temescal Valley CDP,26232,12757,13475,39.7,38.8,40.4,1430,6713,18485,7506,5725,4225,51.4,25.6
Thermal CDP,2676,1393,1283,29.6,28.6,30.9,210,871,1669,484,329,241,47.9,32.5
Thousand Palms CDP,7967,4018,3949,44.4,41.8,46.6,377,1649,6023,3080,2527,1929,49.6,20.7
Valle Vista CDP,16194,7818,8376,40.3,39.2,41.2,909,3814,11830,5403,4292,3109,51.7,23.6
Vista Santa Rosa CDP,2607,1364,1243,35.3,32.6,36.8,138,687,1789,669,499,333,47.7,26.4
Warm Springs CDP,1586,826,760,35.9,35.5,37.4,69,369,1140,429,328,227,47.9,23.3
Whitewater CDP,984,485,499,39,38.3,39.5,48,213,731,286,209,134,50.7,21.6
Wildomar city,36875,18228,18647,37.1,36.1,38.1,2071,8915,26361,10129,7541,5209,50.6,24.2
Winchester CDP,3068,1558,1510,36,36.2,35.2,191,773,2176,855,621,435,49.2,25.2
Woodcrest CDP,15378,7695,7683,42.1,40.8,43.8,753,3360,11426,5175,3885,2754,50,21.8
Sacramento County,1585055,774787,810268,36.9,35.7,38.2,93714,367746,1157501,432089,332185,237649,51.1,23.2
Antelope CDP,48733,23886,24847,34.3,32.6,35.8,3238,13222,33307,11078,7856,5112,51,27.1
Arden-Arcade CDP,94659,45578,49081,36.5,35.5,37.7,6493,21788,70030,27234,21615,15994,51.9,23
Carmichael CDP,79793,38026,41767,41.6,39.5,44,4335,16295,61070,27834,22534,17035,52.3,20.4
Citrus Heights city,87583,42346,45237,38.6,36.8,40.3,4966,18086,66692,27148,21406,15823,51.7,20.7
Clay CDP,1252,626,626,46.4,45.3,47.9,52,245,965,473,353,267,50,19.6
Courtland CDP,326,168,158,39.5,40.6,37.2,15,84,237,91,81,59,48.5,25.8
Elk Grove city,176124,85211,90913,38.3,36.4,39.8,9569,44730,123645,46633,34715,24385,51.6,25.4
Elverta CDP,5435,2741,2694,42.3,39.5,44.1,309,1148,4095,1938,1489,985,49.6,21.1
Fair Oaks CDP,32514,15699,16815,47.6,45.6,49.5,1449,5755,25801,13229,10750,8166,51.7,17.7
Florin CDP,52388,25633,26755,35.4,34,36.7,3271,13488,36748,13918,10753,7601,51.1,25.7
Folsom city,80454,41532,38922,40.5,39.3,41.9,3719,17857,59793,22113,16356,11603,48.4,22.2
Foothill Farms CDP,35834,17424,18410,33.9,32.9,34.8,2601,9381,25078,8502,6397,4250,51.4,26.2
Franklin CDP,167,85,82,37.7,38.5,36,9,33,119,49,39,27,49.1,19.8
Freeport CDP,58,25,33,49.5,43.8,50.5,2,13,45,27,19,16,56.9,22.4
Fruitridge Pocket CDP,6102,3076,3026,32.9,32,33.9,453,1675,4186,1346,970,640,49.6,27.5
Galt city,25383,12377,13006,36.4,35.3,37.5,1512,6569,17731,6697,5016,3541,51.2,25.9
Gold River CDP,7844,3747,4097,56.1,55.1,56.7,261,1177,6498,4027,3382,2611,52.2,15
Herald CDP,1160,591,569,45.7,45.8,45.6,48,238,858,390,259,182,49.1,20.5
Hood CDP,244,142,102,43.3,41.5,44,20,56,176,90,66,46,41.8,23
Isleton city,794,388,406,42.7,41.8,46,32,175,594,265,193,132,51.1,22
La Riviera CDP,11252,5596,5656,36.4,35.7,37.1,585,2133,8735,3115,2437,1795,50.3,19
Lemon Hill CDP,14496,7096,7400,31.2,31.3,31.2,1144,4506,9413,2892,2097,1365,51,31.1
McClellan Park CDP,926,439,487,31.4,31.1,31.6,88,304,590,161,111,64,52.6,32.8
Mather CDP,4698,2311,2387,36,35.3,36.5,282,1255,3243,999,697,459,50.8,26.7
North Highlands CDP,49327,24131,25196,33.6,32.7,34.4,3697,13277,34123,11878,8981,6157,51.1,26.9
Orangevale CDP,35569,17460,18109,42.5,40.9,44.3,1770,7309,27117,12349,9676,6979,50.9,20.5
Parkway CDP,15962,7887,8075,32.1,31.1,33.2,1157,4487,10762,3430,2570,1735,50.6,28.1
Rancho Cordova city,79332,38845,40487,35.5,34.6,36.6,5445,19716,56930,19558,14777,10215,51,24.9
Rancho Murieta CDP,5903,2835,3068,54.5,53.8,55.2,173,1056,4677,2913,2422,1952,52,17.9
Rio Linda CDP,15944,8037,7907,37.1,35.7,38.4,1020,3956,11375,4597,3348,2306,49.6,24.8
Rosemont CDP,23510,11470,12040,35.9,34.4,37.8,1379,5166,17484,6420,4916,3591,51.2,22
Sacramento city,524943,255987,268956,35.4,34.5,36.3,30870,116841,387493,131356,101227,72384,51.2,22.3
Vineyard CDP,43935,21486,22449,36.6,35.1,37.9,2792,11400,30577,11195,8302,5638,51.1,25.9
Walnut Grove CDP,1452,713,739,43.9,40.9,45.4,70,310,1092,536,434,321,50.9,21.3
Wilton CDP,5958,2991,2967,46.7,46.3,47.3,254,1265,4462,2331,1833,1333,49.8,21.2
San Benito County,64209,31941,32268,36.6,35.9,37.3,4088,16294,45182,16768,12602,8764,50.3,25.4
Aromas CDP (part),1343,669,674,44,41.6,46.2,41,239,1052,505,398,277,50.2,17.8
Hollister city,41678,20596,21082,34,33,34.9,2900,11555,28177,9019,6525,4388,50.6,27.7
Ridgemark CDP,3212,1559,1653,49.9,49.2,50.4,145,586,2532,1332,1083,865,51.5,18.2
San Juan Bautista city,2089,1054,1035,40.2,39.9,40.9,109,410,1619,625,515,376,49.5,19.6
Tres Pinos CDP,443,220,223,46.7,43.7,48.5,32,91,327,179,131,92,50.3,20.5
San Bernardino County,2181654,1078849,1102805,34.9,33.7,36,135299,552612,1532953,538762,403345,277924,50.5,25.3
Adelanto city,38046,19891,18155,29.2,28.9,29.6,2934,12267,23938,6004,4107,2705,47.7,32.2
Apple Valley town,75791,36756,39035,38,36.3,39.6,4595,19157,53785,24026,19158,14267,51.5,25.3
Baker CDP,442,223,219,28.6,31.1,27.3,35,149,274,81,55,27,49.5,33.7
Barstow city,25415,12335,13080,30.9,29.4,32.2,2200,7891,16423,5900,4462,3051,51.5,31
Big Bear City CDP,12738,6428,6310,47.1,45.4,48.5,618,2394,9960,5131,4154,2890,49.5,18.8
Big Bear Lake city,5046,2595,2451,51.5,51.2,51.9,232,831,4093,2304,1874,1360,48.6,16.5
Big River CDP,1084,546,538,59.8,59.3,60.1,31,125,933,643,537,417,49.6,11.5
Bloomington CDP,24339,12286,12053,31.3,30.7,32.1,1552,6721,16353,4887,3434,2239,49.5,27.6
Bluewater CDP,116,49,67,62.3,60.8,65.5,1,8,108,84,72,54,57.8,6.9
Chino city,91403,45672,45731,37.2,36.6,37.8,5223,20456,67401,23203,17090,11710,50,22.4
Chino Hills city,78411,38475,39936,39.5,38.4,40.5,3867,16995,58226,21782,15633,10096,50.9,21.7
Colton city,53909,26472,27437,32.2,31.2,33.2,3674,14362,37166,11361,8291,5553,50.9,26.6
Crestline CDP,11650,5890,5760,45.2,43.9,46.2,583,2148,9127,4457,3484,2409,49.4,18.4
Fontana city,208393,102781,105612,32.9,31.6,34.2,13174,56615,141442,42169,29757,19483,50.7,27.2
Fort Irwin CDP,8096,4619,3477,24,24.3,23.4,1051,2519,5052,130,65,36,42.9,31.1
Grand Terrace city,13150,6333,6817,38.1,36.3,39.4,702,2831,9815,3871,3053,2225,51.8,21.5
Hesperia city,99818,49405,50413,33.2,32.2,34.2,6698,28605,66756,23460,17580,12161,50.5,28.7
Highland city,56999,27829,29170,33.6,32.3,34.9,3693,15595,38725,13004,9486,6405,51.2,27.4
Homestead Valley CDP,2789,1439,1350,53.8,53.9,53.5,114,399,2337,1346,1067,763,48.4,14.3
Joshua Tree CDP,6489,3140,3349,45.1,43.6,46.5,309,1210,5114,2506,2049,1488,51.6,18.6
Lake Arrowhead CDP,12401,6241,6160,49.3,48.6,49.9,568,2350,9674,5268,4264,3102,49.7,19
Lenwood CDP,3623,1773,1850,31.4,30.8,31.9,275,1162,2298,847,636,448,51.1,32.1
Loma Linda city,24791,11647,13144,35.2,33.6,37.2,1402,4925,19115,6999,5770,4231,53,19.9
Lucerne Valley CDP,5331,2799,2532,45.5,45.9,45,336,1160,4021,2091,1592,1125,47.5,21.8
Lytle Creek CDP,725,386,339,48.5,47.7,49.6,33,119,582,288,225,159,46.8,16.4
Mentone CDP,9557,4673,4884,36.7,35.7,37.5,555,2267,6904,2510,1858,1255,51.1,23.7
Montclair city,37865,18744,19121,34.1,32.5,35.6,2149,9322,26800,8623,6371,4394,50.5,24.6
Morongo Valley CDP,3514,1772,1742,49.8,49.5,50.3,138,566,2873,1508,1173,804,49.6,16.1
Mountain View Acres CDP,3337,1665,1672,37.1,36.3,37.7,190,838,2363,972,730,508,50.1,25.1
Muscoy CDP,10719,5427,5292,29.7,29.6,29.8,766,3362,6795,1996,1403,896,49.4,31.4
Needles city,4931,2437,2494,44.4,43.2,45.4,282,1115,3667,1861,1483,1030,50.6,22.6
Oak Glen CDP,602,362,240,45.8,41.3,53,12,76,505,237,181,135,39.9,12.6
Oak Hills CDP,9450,4863,4587,41.5,41.2,41.9,470,2203,6863,3002,2189,1425,48.5,23.3
Ontario city,175265,86235,89030,34,33.1,34.9,11315,43371,124430,38125,27754,18574,50.8,24.7
Phelan CDP,13859,7142,6717,39.6,38.9,40.2,717,3296,9982,4348,3302,2183,48.5,23.8
Piñon Hills CDP,7258,3745,3513,43.9,42.8,45.1,355,1530,5492,2685,2115,1409,48.4,21.1
Rancho Cucamonga city,174453,85013,89440,38.3,36.8,39.7,9039,39626,128004,47146,35136,24075,51.3,22.7
Redlands city,73168,34763,38405,37.9,36.3,39.3,3875,15994,53536,21795,17366,12984,52.5,21.9
Rialto city,104026,50697,53329,32.2,31,33.4,6859,28635,70391,22384,16628,11127,51.3,27.5
Running Springs CDP,5268,2699,2569,43.9,42.9,44.9,264,1078,4056,1917,1473,1016,48.8,20.5
San Antonio Heights CDP,3441,1715,1726,49.2,46.7,50.7,134,600,2741,1452,1146,819,50.2,17.4
San Bernardino city,222101,109133,112968,31.2,30.5,32,15624,62499,148732,45947,33359,22409,50.9,28.1
Searles Valley CDP,1565,789,776,39.9,39.6,40.2,117,390,1138,534,406,278,49.6,24.9
Silver Lakes CDP,6317,3161,3156,44.6,43,46.3,315,1413,4731,2341,1910,1468,50,22.4
Spring Valley Lake CDP,9598,4638,4960,40,38.9,41,608,2235,6970,3050,2401,1745,51.7,23.3
Twentynine Palms city,28065,16846,11219,25.7,25.2,27.7,2249,5866,19642,4022,3065,2077,40,20.9
Upland city,79040,38004,41036,38.7,37,40.3,4292,16970,59184,23496,18188,13247,51.9,21.5
Victorville city,134810,66868,67942,31.7,30.8,32.6,9399,40320,88163,27525,20436,14053,50.4,29.9
Wrightwood CDP,4720,2364,2356,44.5,44.1,45,273,1020,3545,1769,1364,961,49.9,21.6
Yermo CDP,623,291,332,36.6,33.8,39.5,44,148,448,204,164,110,53.3,23.8
Yucaipa city,54542,26563,27979,39.6,38.4,40.8,3126,12850,39736,17114,13276,9361,51.3,23.6
Yucca Valley town,21738,10593,11145,42.9,41.6,44.1,1205,4669,16340,7992,6436,4741,51.3,21.5
San Diego County,3298634,1642796,1655838,37.1,35.7,38.5,174765,689866,2461162,902436,695087,499874,50.2,20.9
Alpine CDP,14696,7262,7434,42.7,41.7,43.7,781,3179,11034,5081,3954,2772,50.6,21.6
Bonita CDP,12917,6247,6670,43.5,41.9,44.6,611,2607,9819,4718,3838,2934,51.6,20.2
Bonsall CDP,4546,2257,2289,44.7,44.5,45,227,902,3501,1732,1390,1052,50.4,19.8
Borrego Springs CDP,3073,1546,1527,60.2,60.4,60.1,105,446,2564,1770,1553,1260,49.7,14.5
Bostonia CDP,16882,8171,8711,35.4,34.5,36.6,1089,4199,12067,4428,3328,2272,51.6,24.9
Boulevard CDP,359,195,164,53.3,56.9,48.6,10,62,283,170,136,102,45.7,17.3
Campo CDP,2955,1548,1407,39,39.7,38.6,183,757,2095,907,724,476,47.6,25.6
Camp Pendleton Mainside CDP,9683,7311,2372,21.9,21.9,21.9,446,1072,6054,111,89,78,24.5,11.1
Camp Pendleton South CDP,12468,6702,5766,22.3,22.3,22.3,2000,3927,7254,135,96,51,46.2,31.5
Carlsbad city,114746,55737,59009,43.5,42.1,44.8,5190,25014,85893,38137,29473,21740,51.4,21.8
Casa de Oro-Mount Helix CDP,19576,9613,9963,45.2,44,46.4,948,3861,15040,7353,5895,4375,50.9,19.7
Chula Vista city,275487,133570,141917,36.4,34.9,37.9,15452,67592,196043,67722,50865,35811,51.5,24.5
Coronado city,20192,10496,9696,38.8,32.2,44.6,808,3705,14838,6582,5389,4246,48,18.3
Crest CDP,2828,1434,1394,41.9,40.6,42.8,164,596,2157,994,761,537,49.3,21.1
Del Dios CDP,396,208,188,55.5,54,57.3,9,56,334,199,170,128,47.5,14.1
Del Mar city,3954,1954,2000,53.9,53.9,54,105,502,3332,1902,1531,1199,50.6,12.7
Descanso CDP,1499,752,747,50.5,49.3,51.9,60,274,1186,676,534,374,49.8,18.3
El Cajon city,106215,52303,53912,36,34.9,37.2,6992,26049,76169,28230,21367,14994,50.8,24.5
Elfin Forest CDP,600,276,324,47.9,48.7,47.4,20,116,466,250,182,126,54,19.3
Encinitas city,62007,30378,31629,43.8,42.6,44.9,2933,12325,47818,21436,16950,12539,51,19.9
Escondido city,151038,74366,76672,35.7,34.3,37,9177,36453,108267,38872,29612,20923,50.8,24.1
Eucalyptus Hills CDP,5517,2825,2692,40,40.2,39.8,382,1338,4022,1864,1473,1039,48.8,24.3
Fairbanks Ranch CDP,3002,1512,1490,55,56,53.7,73,539,2349,1500,1221,918,49.6,18
Fallbrook CDP,32267,15931,16336,37.4,35.5,39.2,1975,7603,23283,10033,8033,5925,50.6,23.6
Granite Hills CDP,3267,1662,1605,46.6,43.5,49.6,146,641,2521,1327,1027,703,49.1,19.6
Harbison Canyon CDP,4048,2039,2009,45.5,46.4,44.6,213,868,3066,1488,1121,759,49.6,21.4
Harmony Grove CDP,2079,1050,1029,34.3,34.2,34.4,279,608,1411,375,270,145,49.5,29.2
Hidden Meadows CDP,4484,2184,2300,57.8,56.6,58.7,147,570,3817,2453,2071,1626,51.3,12.7
Imperial Beach city,26137,13123,13014,34.7,33.3,36.1,1600,5920,19256,6385,4802,3246,49.8,22.6
Jacumba CDP,540,280,260,49.2,48.8,52,26,115,412,240,185,121,48.1,21.3
Jamul CDP,6179,3081,3098,47,46.3,47.4,247,1186,4717,2432,1863,1389,50.1,19.2
Julian CDP,1768,884,884,50.6,49.4,50.9,64,297,1415,790,636,476,50,16.8
Lake San Marcos CDP,5328,2359,2969,63.3,60.2,65.4,120,576,4668,3346,2962,2500,55.7,10.8
Lakeside CDP,21152,10368,10784,39.9,38.5,41.4,1184,4838,15654,6721,5161,3618,51,22.9
La Mesa city,61121,29231,31890,38.3,36.9,39.7,3445,11727,47640,17782,14035,10284,52.2,19.2
La Presa CDP,35033,17162,17871,36.2,34.8,37.6,2049,8449,25061,9239,7051,4891,51,24.1
Lemon Grove city,27627,13391,14236,37.6,36.2,39,1610,6114,20475,7788,6080,4315,51.5,22.1
Mount Laguna CDP,74,37,37,52.5,48.3,56.5,2,16,58,34,26,9,50,21.6
National City city,56173,27051,29122,35.6,33.5,38,3045,13017,40657,14892,11331,8053,51.8,23.2
Oceanside city,174068,85187,88881,39.3,37.6,40.9,9057,34818,132981,54342,42374,30637,51.1,20
Pala CDP,1490,707,783,30.3,28,31,131,540,898,294,220,139,52.6,36.2
Pine Valley CDP,1645,826,819,47.9,46.4,49.3,76,332,1281,678,547,397,49.8,20.2
Potrero CDP,648,320,328,30.6,31.6,30,54,213,408,124,84,60,50.6,32.9
Poway city,48841,24050,24791,42,40.4,43.6,2466,11274,35863,16233,12505,8845,50.8,23.1
Rainbow CDP,1884,924,960,46.4,46.8,46,81,327,1499,731,628,479,51,17.4
Ramona CDP,21468,10733,10735,38.9,37.7,40.1,1242,4991,15630,6614,4969,3389,50,23.2
Rancho San Diego CDP,21858,10674,11184,42.7,40.6,45.1,1039,4521,16515,7738,6173,4472,51.2,20.7
Rancho Santa Fe CDP,3156,1529,1627,52.8,53.6,52.2,87,631,2407,1483,1177,933,51.6,20
San Diego city,1386932,694107,692825,35.8,35,36.9,69341,261863,1058606,351820,269925,194806,50,18.9
San Diego Country Estates CDP,10395,5182,5213,41.6,40.9,42.1,544,2454,7604,3356,2544,1725,50.1,23.6
San Marcos city,94833,45926,48907,35.6,34.5,36.7,5480,24185,65526,22146,16894,12270,51.6,25.5
Santee city,60037,28701,31336,39,38,40,3525,13360,44636,17432,13397,9478,52.2,22.3
Solana Beach city,12941,6245,6696,47.2,46,48.2,488,2320,10235,4979,4011,3058,51.7,17.9
Spring Valley CDP,30998,15100,15898,36.9,35.2,38.4,1921,7572,22267,8322,6326,4459,51.3,24.4
Valley Center CDP,10087,5148,4939,43.6,42.9,44.4,455,2169,7537,3643,2845,2060,49,21.5
Vista city,98381,49259,49122,35,34,36,6091,22912,71394,23882,17875,12282,49.9,23.3
Winter Gardens CDP,22380,10934,11446,38.2,37.5,38.9,1252,5190,16363,6563,4918,3415,51.1,23.2
San Francisco County,873965,446144,427821,38.2,38.1,38.3,34890,113227,739967,242321,190340,142099,49,13
San Francisco city,873965,446144,427821,38.2,38.1,38.3,34890,113227,739967,242321,190340,142099,49,13
San Joaquin County,779233,388163,391070,35.4,34.3,36.4,50041,205833,538902,196685,150012,106606,50.2,26.4
Acampo CDP,334,176,158,33.9,34,33.8,27,88,226,93,77,62,47.3,26.3
August CDP,8628,4429,4199,30.3,29.8,30.8,682,2697,5503,1556,1069,731,48.7,31.3
Collierville CDP,2094,1072,1022,40.5,39.4,41.1,112,487,1517,683,533,367,48.8,23.3
Country Club CDP,10777,5336,5441,36,35,37,764,2767,7647,2935,2297,1645,50.5,25.7
Dogtown CDP,2516,1257,1259,45.3,44.9,45.8,137,507,1911,936,709,523,50,20.2
Escalon city,7472,3645,3827,38.2,37.2,39.2,450,1835,5362,2268,1785,1260,51.2,24.6
Farmington CDP,220,115,105,38,42.5,32.5,13,61,156,74,60,44,47.7,27.7
French Camp CDP,3770,2450,1320,34.6,34,36.3,119,522,3036,654,447,253,35,13.8
Garden Acres CDP,11398,5858,5540,30.9,30.5,31.9,866,3483,7367,2223,1613,1119,48.6,30.6
Kennedy CDP,3223,1618,1605,30.6,30.3,30.9,234,1013,2062,660,489,339,49.8,31.4
Lathrop city,28701,14194,14507,34,33,34.7,2013,8280,19119,5791,4244,2797,50.5,28.8
Lincoln Village CDP,4401,2125,2276,37.7,35.4,39.3,280,1087,3126,1283,1005,710,51.7,24.7
Linden CDP,1863,933,930,40,36.8,41.8,108,488,1297,542,422,313,49.9,26.2
Lockeford CDP,3333,1667,1666,42.2,40.4,43.7,177,757,2441,1198,943,686,50,22.7
Lodi city,66348,32253,34095,36.6,35.2,38.4,4343,16619,47228,19204,15268,11330,51.4,25
Manteca city,83498,40992,42506,36.9,35.5,38.1,5239,20999,59063,22992,17680,12608,50.9,25.1
Morada CDP,4054,2042,2012,48.6,46.9,50.2,175,798,3138,1717,1371,1046,49.6,19.7
Mountain House CDP,24499,12165,12334,34.1,33.9,34.2,1903,8509,15166,3260,2352,1578,50.3,34.7
Peters CDP,708,342,366,44.5,43.7,45.7,31,142,541,253,204,144,51.7,20.1
Ripon city,16013,7791,8222,38.2,36.5,39.9,993,4279,11108,4567,3536,2580,51.3,26.7
Stockton city,320804,157357,163447,33.5,32.3,34.7,21801,87797,217524,76340,58621,42044,50.9,27.4
Taft Mosswood CDP,1636,831,805,30.3,30.3,30.3,114,528,1036,333,263,181,49.2,32.3
Terminous CDP,429,208,221,60.4,61.7,57.4,8,51,374,270,218,161,51.5,11.9
Thornton CDP,1004,506,498,35.2,32.5,37.7,58,260,685,269,212,147,49.6,25.9
Tracy city,93000,46361,46639,35.7,34.6,36.7,5382,24208,64537,21518,15161,10055,50.1,26
Victor CDP,313,158,155,39.2,38.5,41.2,23,93,215,83,62,41,49.5,29.7
Waterloo CDP,534,294,240,47,46,48.1,24,89,413,211,153,124,44.9,16.7
Woodbridge CDP,4031,1966,2065,43.8,43.8,43.9,190,881,3007,1553,1216,884,51.2,21.9
San Luis Obispo County,282424,140271,142153,41.4,40,43.1,12536,50680,215731,100554,82003,61253,50.3,17.9
Arroyo Grande city,18441,8745,9696,46.1,44,48.5,842,3566,14257,7342,6102,4678,52.6,19.3
Atascadero city,29773,14561,15212,41.5,40,43,1674,6227,22686,10401,8347,6068,51.1,20.9
Avila Beach CDP,1576,747,829,60.6,60.4,60.9,38,153,1385,950,812,662,52.6,9.7
Blacklake CDP,1016,465,551,67.8,67.8,67.7,15,70,931,751,697,609,54.2,6.9
California Polytechnic State University CDP,8583,4443,4140,20.9,21.4,20.5,15,69,4163,40,27,19,48.2,0.8
Callender CDP,1282,655,627,46.1,45.9,46.4,54,255,980,517,432,298,48.9,19.9
Cambria CDP,5678,2680,2998,63,62.5,63.3,142,628,4950,3604,3151,2567,52.8,11.1
Cayucos CDP,2505,1175,1330,57.8,55.8,59.1,63,313,2132,1360,1159,912,53.1,12.5
Creston CDP,98,61,37,28.8,24.5,41.1,3,24,60,22,13,5,37.8,24.5
Edna CDP,184,111,73,51.8,52.5,51.5,11,34,147,85,69,49,39.7,18.5
El Paso de Robles (Paso Robles) city,31490,15259,16231,39,37.3,40.7,1871,7580,22777,9775,7802,5741,51.5,24.1
Garden Farms CDP,449,221,228,48.3,44.8,50.8,29,98,342,196,181,123,50.8,21.8
Grover Beach city,12701,6190,6511,41.5,40,43.6,617,2382,9878,4217,3278,2300,51.3,18.8
Lake Nacimiento CDP,2956,1553,1403,46.2,45,47.1,155,606,2296,1147,908,640,47.5,20.5
Los Berros CDP,623,320,303,44.5,40.7,49.1,19,125,472,226,182,135,48.6,20.1
Los Osos CDP,14465,6999,7466,49.3,46.9,51.9,574,2506,11599,6328,5339,4012,51.6,17.3
Los Ranchos CDP,1516,733,783,53.6,51.3,55.3,61,299,1173,723,620,496,51.6,19.7
Morro Bay city,10757,5148,5609,54.6,52.8,56.1,310,1424,9047,5329,4549,3532,52.1,13.2
Nipomo CDP,18176,8948,9228,39.5,38.4,40.6,1078,4347,13165,5833,4525,3220,50.8,23.9
Oak Shores CDP,316,143,173,58,57.1,59.8,11,43,272,187,139,90,54.7,13.6
Oceano CDP,7183,3536,3647,40.5,39.1,41.7,371,1498,5433,2250,1779,1299,50.8,20.9
Pismo Beach city,8072,3875,4197,55.7,54.2,56.9,243,1014,6893,4122,3440,2649,52,12.6
San Luis Obispo city,47063,23141,23922,31.4,30.6,32.3,1919,6870,35500,12257,9955,7605,50.8,14.6
San Miguel CDP,3172,1572,1600,29.8,29.5,30,292,1047,1993,516,341,205,50.4,33
San Simeon CDP,445,225,220,43.5,39.9,44.9,26,106,325,136,112,92,49.4,23.8
Santa Margarita CDP,1291,636,655,41.1,39.4,43,78,286,972,431,336,212,50.7,22.2
Shandon CDP,1168,588,580,33.2,32.9,33.4,83,352,761,247,186,113,49.7,30.1
Templeton CDP,8386,4005,4381,42.6,40.9,44.4,414,2042,6083,2979,2339,1690,52.2,24.4
Whitley Gardens CDP,325,137,188,46.9,47.3,46,14,72,250,119,92,62,57.8,22.2
Woodlands CDP,1933,902,1031,67.8,69.1,66.6,12,49,1856,1550,1421,1171,53.3,2.5
San Mateo County,764442,377546,386896,39.9,38.4,41.2,40001,154206,586503,224120,172825,126316,50.6,20.2
Atherton town,7188,3498,3690,48.4,45.7,50,192,1363,5172,2890,2351,1847,51.3,19
Baywood Park CDP,1693,792,901,49.8,48.9,50.5,74,329,1316,705,542,425,53.2,19.4
Belmont city,28335,13908,14427,40.3,39.6,40.9,1504,6137,21289,7948,6137,4571,50.9,21.7
Brisbane city,4851,2416,2435,42.5,41.9,43,270,903,3838,1515,1152,791,50.2,18.6
Broadmoor CDP,4411,2191,2220,42.4,40.6,44.2,198,753,3540,1491,1151,843,50.3,17.1
Burlingame city,31386,15147,16239,40.5,39.5,41.5,1666,7084,23549,8749,6738,5079,51.7,22.6
Colma town,1507,767,740,41.8,40.4,43.5,76,302,1168,525,407,281,49.1,20
Daly City city,104901,51877,53024,39.9,38,41.7,4821,17999,83380,32101,25005,18096,50.5,17.2
East Palo Alto city,30034,15182,14852,31.9,31.4,32.5,1826,7633,20992,5389,3832,2539,49.5,25.4
El Granada CDP,5481,2662,2819,48.8,48.3,49,241,959,4356,2216,1657,1132,51.4,17.5
Emerald Lake Hills CDP,4406,2171,2235,47.8,47.8,47.7,221,867,3409,1699,1277,912,50.7,19.7
Foster City city,33805,16610,17195,39.5,38.1,40.8,1915,7240,25760,9439,7533,5864,50.9,21.4
Half Moon Bay city,11795,5613,6182,47.6,45.7,49.3,534,2213,9243,4705,3801,2824,52.4,18.8
Highlands CDP,2359,1193,1166,46,45.3,46.5,124,573,1739,860,678,511,49.4,24.3
Hillsborough town,11387,5604,5783,47.7,47.3,48,394,2780,8181,4335,3386,2628,50.8,24.4
Ladera CDP,1557,774,783,45.8,45.4,46.3,75,395,1103,555,438,342,50.3,25.4
La Honda CDP,979,534,445,48.9,51.4,46.3,42,142,821,413,311,227,45.5,14.5
Loma Mar CDP,134,56,78,49.3,38.5,51.5,9,17,115,57,44,41,58.2,12.7
Menlo Park city,33780,16498,17282,38.2,36.5,39.7,1889,7824,25038,9093,7019,5226,51.2,23.2
Millbrae city,23216,11330,11886,43.3,41,45.2,1113,4536,17999,7907,6182,4640,51.2,19.5
Montara CDP,2833,1330,1503,49.2,48,50.2,133,526,2221,1156,910,664,53.1,18.6
Moss Beach CDP,3214,1610,1604,44.6,44.4,44.9,137,615,2477,1122,880,647,49.9,19.1
North Fair Oaks CDP,14027,7238,6789,35.3,34.8,35.8,806,3359,10073,3016,2180,1470,48.4,23.9
Pacifica city,38640,19024,19616,42.7,41,44.2,1965,7347,30178,12712,9891,7078,50.8,19
Pescadero CDP,595,311,284,35.8,38.4,33.3,22,126,443,139,91,67,47.7,21.2
Portola Valley town,4456,2162,2294,54.5,53.2,55.5,141,851,3469,2193,1807,1446,51.5,19.1
Redwood City city,84292,42246,42046,37.1,35.8,38.5,4780,17177,64594,20682,15354,10967,49.9,20.4
San Bruno city,43908,21779,22129,39.6,38.3,40.8,2195,8065,34529,12942,9843,7030,50.4,18.4
San Carlos city,30722,14909,15813,42.3,41.4,43,1766,7199,22741,9154,6984,5104,51.5,23.4
San Mateo city,105661,52206,53455,38.3,36.9,39.8,6217,20902,81827,28779,22190,16424,50.6,19.8
South San Francisco city,66105,32669,33436,40.2,38.8,41.7,3398,12318,51660,20197,15767,11300,50.6,18.6
West Menlo Park CDP,3930,1907,2023,42,41.5,42.5,216,1116,2710,1087,820,601,51.5,28.4
Woodside town,5309,2574,2735,50.4,50.2,50.6,191,1083,4058,2241,1754,1290,51.5,20.4
Santa Barbara County,448229,222051,226178,35.7,34.7,36.8,24738,97424,322384,126967,100589,74701,50.5,21.7
Ballard CDP,768,389,379,52.4,47.9,53.9,31,121,620,357,292,214,49.3,15.8
Buellton city,5161,2553,2608,40.9,40.4,42,305,1226,3778,1679,1301,912,50.5,23.8
Carpinteria city,13264,6378,6886,43.3,40.9,45.4,629,2705,10103,4761,3851,2831,51.9,20.4
Casmalia CDP,147,73,74,42.1,39.5,42.6,15,38,106,32,23,17,50.3,25.9
Cuyama CDP,37,29,8,28.8,27.5,53.5,1,9,26,8,7,5,21.6,24.3
Eastern Goleta Valley CDP,28656,13988,14668,48,45.6,49.9,1161,5221,22469,11737,9642,7505,51.2,18.2
Garey CDP,72,27,45,48,42.5,48.3,1,13,52,29,22,14,62.5,18.1
Goleta city,32690,16521,16169,38.2,36.4,40.2,1556,6251,24976,9698,7464,5438,49.5,19.1
Guadalupe city,8057,4025,4032,30.2,29.5,30.8,604,2517,5167,1524,1133,795,50,31.2
Isla Vista CDP,15500,7285,8215,21.4,21.6,21.3,490,1317,9059,717,575,427,53,8.5
Lompoc city,44444,23266,21178,35.7,35.5,35.8,2852,10973,31759,11348,8450,5862,47.7,24.7
Los Alamos CDP,1839,915,924,39.4,37.8,40.6,102,438,1324,577,443,293,50.2,23.8
Los Olivos CDP,1202,577,625,49.4,47.8,50.5,54,230,936,491,411,293,52,19.1
Mission Canyon CDP,2540,1216,1324,53.2,53.5,53.1,78,372,2099,1202,1006,796,52.1,14.6
Mission Hills CDP,3571,1853,1718,43.4,41.3,45.3,192,809,2656,1264,947,673,48.1,22.7
Montecito CDP,8638,3934,4704,50.7,51.1,50.4,230,1291,6439,3921,3401,2846,54.5,14.9
New Cuyama CDP,542,298,244,39.9,37.5,43.3,32,143,385,182,129,94,45,26.4
Orcutt CDP,32034,15592,16442,41.7,40.2,43.1,1708,7329,23606,11199,8892,6507,51.3,22.9
Santa Barbara city,88665,43361,45304,40.2,39.1,41.2,3812,14749,70470,28941,23446,17847,51.1,16.6
Santa Maria city,109707,54831,54876,30.6,29.7,31.5,8559,33174,71319,22014,16856,12028,50,30.2
Santa Ynez CDP,4505,2223,2282,51.9,50.4,53.3,195,805,3548,2079,1658,1250,50.7,17.9
Sisquoc CDP,191,94,97,38.5,38,40.5,13,48,141,57,47,24,50.8,25.1
Solvang city,6126,2880,3246,50.9,48.6,53.4,249,1014,4904,2798,2342,1857,53,16.6
Summerland CDP,1222,582,640,52.9,50.5,54.6,32,157,1032,574,479,375,52.4,12.8
Toro Canyon CDP,1835,884,951,55.8,57.1,55.2,58,248,1529,940,802,644,51.8,13.5
University of California-Santa Barbara CDP,9710,4530,5180,20.2,20.5,20,128,306,3829,157,118,82,53.3,3.2
Vandenberg AFB CDP,3559,1935,1624,23.5,23.4,23.8,488,1218,2093,80,53,23,45.6,34.2
Vandenberg Village CDP,7308,3602,3706,43.7,41.1,45.4,424,1601,5426,2682,2047,1522,50.7,21.9
Santa Clara County,1936259,975313,960946,37.5,36.4,38.7,101857,406542,1459434,499592,375483,267535,49.6,21
Alum Rock CDP,12042,6134,5908,35.8,34.9,37.4,672,2819,8693,2785,2057,1411,49.1,23.4
Burbank CDP,4940,2526,2414,37.2,36.2,38,261,904,3870,1143,819,543,48.9,18.3
Cambrian Park CDP,3719,1824,1895,42.4,42.1,42.7,207,925,2663,1150,837,581,51,24.9
Campbell city,43959,21561,22398,39.3,38.3,40.3,2324,8766,34000,12080,9145,6407,51,19.9
Cupertino city,60381,30048,30333,41.4,40.8,41.9,2381,14453,43662,16460,12415,9214,50.2,23.9
East Foothills CDP,6803,3532,3271,44.6,43.4,45.8,315,1248,5333,2415,1843,1320,48.1,18.3
Fruitdale CDP,989,488,501,43.8,41.3,46.9,42,160,812,343,267,185,50.7,16.2
Gilroy city,59520,29492,30028,36.2,35.1,37.4,3711,15898,40927,14181,10480,7302,50.5,26.7
Lexington Hills CDP,2492,1263,1229,46.9,45.8,47.7,111,520,1913,899,636,433,49.3,20.9
Los Altos city,31625,15409,16216,46.5,45.6,47.3,1146,7574,23070,11385,8996,6773,51.3,23.9
Los Altos Hills town,8489,4158,4331,51.7,51.6,51.8,194,1629,6555,3783,3025,2346,51,19.2
Los Gatos town,33529,16177,17352,45.6,44.5,46.7,1270,7552,24850,11593,8877,6640,51.8,22.5
Loyola CDP,3491,1741,1750,47.1,47,47.3,111,848,2508,1275,1013,791,50.1,24.3
Milpitas city,80273,41159,39114,36.4,35.8,37.1,5036,16902,60933,19007,14215,9807,48.7,21.1
Monte Sereno city,3479,1722,1757,51.2,51.6,50.7,101,702,2642,1463,1127,847,50.5,20.2
Morgan Hill city,45483,22207,23276,39.9,39,40.9,2615,11014,32741,13112,9737,6844,51.2,24.2
Mountain View city,82376,42720,39656,35.3,34.4,36.3,4818,15859,64753,17763,13517,9739,48.1,19.3
Palo Alto city,68572,33717,34855,42.2,40.2,43.9,2885,14965,51649,21723,17162,13470,50.8,21.8
San Jose city,1013240,509260,503980,37.6,36.6,38.6,53351,213763,760094,258360,192099,134617,49.7,21.1
San Martin CDP,7008,3681,3327,43.2,43.3,43,340,1449,5311,2398,1837,1322,47.5,20.7
Santa Clara city,127647,65441,62206,34.5,34,35.2,7905,24478,97459,27152,20319,14374,48.7,19.2
Saratoga city,31051,15282,15769,49.9,49.5,50.4,794,6176,23777,12721,9891,7356,50.8,19.9
Stanford CDP,21150,10846,10304,25.8,26.2,25.5,347,1000,18930,1234,934,739,48.7,4.7
Sunnyvale city,155805,80520,75285,35.1,34.3,36.1,9722,31275,120845,34669,26214,18637,48.3,20.1
Santa Cruz County,270861,134471,136390,40.2,39.1,41.3,11939,51097,203996,86111,68014,49193,50.4,18.9
Amesti CDP,2637,1330,1307,37.6,35.5,40.5,145,608,1920,794,617,446,49.6,23.1
Aptos CDP,6664,3258,3406,48.9,48.3,49.3,249,1168,5291,2819,2265,1724,51.1,17.5
Aptos Hills-Larkin Valley CDP,2383,1160,1223,51.4,50.1,52.3,87,351,1950,1066,875,642,51.3,14.7
Ben Lomond CDP,6337,3158,3179,45.8,44.5,47.1,284,1147,5015,2363,1836,1294,50.2,18.1
Bonny Doon CDP,2868,1479,1389,48.2,49.7,46.5,97,484,2309,1172,965,756,48.4,16.9
Boulder Creek CDP,5429,2756,2673,46.3,46.6,46,215,932,4351,2000,1547,1040,49.2,17.2
Brookdale CDP,2043,1041,1002,44.2,46.5,43,74,338,1637,736,576,397,49,16.5
Capitola city,9938,4632,5306,46.8,44.7,48.6,366,1444,8197,3893,3134,2376,53.4,14.5
Corralitos CDP,2342,1192,1150,47.2,44,51,80,403,1826,959,781,578,49.1,17.2
Davenport CDP,388,194,194,40.7,40.8,40.5,23,98,279,131,92,65,50,25.3
Day Valley CDP,3410,1686,1724,50.5,50.1,50.8,128,578,2742,1547,1315,1008,50.6,17
Felton CDP,4489,2235,2254,45.3,45.1,45.4,174,762,3594,1645,1276,885,50.2,17
Freedom CDP,3835,1873,1962,33.5,33.1,33.8,271,1083,2573,848,623,449,51.2,28.2
Interlaken CDP,7368,3708,3660,35.1,33.7,36.5,429,1896,5151,1897,1444,1017,49.7,25.7
La Selva Beach CDP,2531,1191,1340,53.9,53.5,54.2,103,406,2064,1233,1029,763,52.9,16
Live Oak CDP,17038,8403,8635,43.4,41.7,45.1,743,3094,13380,5880,4679,3429,50.7,18.2
Lompico CDP,1154,568,586,44.9,42.8,46.5,51,163,961,411,320,210,50.8,14.1
Mount Hermon CDP,1110,535,575,39,37.2,41.4,53,208,859,325,262,197,51.8,18.7
Pajaro Dunes CDP,122,65,57,42,57.5,33.3,2,15,106,53,41,39,46.7,12.3
Paradise Park CDP,367,189,178,50.9,55.4,47,15,47,308,180,143,96,48.5,12.8
Pasatiempo CDP,1093,548,545,53.8,54.3,53.1,42,179,891,526,450,347,49.9,16.4
Pleasure Point CDP,5821,2906,2915,43.8,42.9,44.7,258,937,4743,1999,1597,1116,50.1,16.1
Rio del Mar CDP,9128,4380,4748,51.5,50,53.2,235,1557,7280,4112,3343,2502,52,17.1
Santa Cruz city,62956,31775,31181,33.5,32.8,34.4,1994,7887,46623,16433,13062,9451,49.5,12.5
Scotts Valley city,12224,5901,6323,44.5,42.9,45.7,574,2710,9126,4246,3247,2343,51.7,22.2
Seacliff CDP,3280,1547,1733,47.5,44.8,49.9,145,525,2657,1307,1042,740,52.8,16
Soquel CDP,9980,4803,5177,46.8,44.4,48.9,366,1761,7912,3859,3148,2316,51.9,17.6
Twin Lakes CDP,4944,2380,2564,43,41.5,44.8,200,718,4100,1785,1414,1087,51.9,14.5
Watsonville city,52590,25938,26652,33.1,32.1,34,3491,14816,35339,11661,8867,6177,50.7,28.2
Zayante CDP,729,388,341,46.4,46.8,45.5,24,116,593,272,203,155,46.8,15.9
Shasta County,182155,89654,92501,42.8,41.3,44.5,9592,38643,137656,67271,54393,40779,50.8,21.2
Anderson city,11323,5354,5969,37.4,35.3,39.2,739,2883,8060,3480,2732,2044,52.7,25.5
Bella Vista CDP,3641,1862,1779,51,50.9,51.1,167,693,2834,1642,1316,980,48.9,19
Big Bend CDP,79,40,39,52.8,52.5,55.2,3,11,68,35,30,20,49.4,13.9
Burney CDP,3000,1438,1562,44.5,41,47.6,164,704,2215,1160,945,693,52.1,23.5
Cassel CDP,207,118,89,57.9,61.8,51.3,10,27,175,115,102,77,43,13
Castella CDP,214,108,106,53.5,54.5,53,2,27,183,105,91,60,49.5,12.6
Centerville CDP,2095,1068,1027,50.6,50,51.2,83,447,1571,911,741,559,49,21.3
Cottonwood CDP,6268,3118,3150,39.8,38,41.3,348,1535,4540,2060,1604,1119,50.3,24.5
Fall River Mills CDP,616,268,348,50.4,49,51,37,132,470,290,266,224,56.5,21.4
French Gulch CDP,373,196,177,55.3,51.6,56.6,15,76,295,188,139,85,47.5,20.4
Happy Valley CDP,4949,2504,2445,47.5,46.2,49,235,1015,3773,1998,1582,1168,49.4,20.5
Hat Creek CDP,266,147,119,53.7,46.1,60.1,15,48,204,127,107,90,44.7,18
Igo CDP,103,56,47,43.2,42.3,47.5,11,22,77,32,29,23,45.6,21.4
Johnson Park CDP,686,359,327,49.5,48.9,49.6,37,130,542,289,233,160,47.7,19
Jones Valley CDP,1160,584,576,46.9,46.1,47.9,79,225,903,458,368,262,49.7,19.4
Keswick CDP,188,90,98,51,49.8,51.7,12,39,147,80,74,57,52.1,20.7
Lakehead CDP,469,262,207,58.2,58,58.3,12,62,403,263,211,162,44.1,13.2
McArthur CDP,334,168,166,46.2,44.8,47.5,9,79,245,130,112,75,49.7,23.7
Millville CDP,724,320,404,51.2,53.3,50,36,150,551,316,266,202,55.8,20.7
Montgomery Creek CDP,176,111,65,45.3,56.1,36.2,6,32,138,73,59,38,36.9,18.2
Mountain Gate CDP,815,421,394,49.1,46.8,50.1,23,174,625,330,258,184,48.3,21.3
Oak Run CDP,158,88,70,41.8,39,55,8,40,112,62,51,41,44.3,25.3
Old Station CDP,64,35,29,61.8,64.1,61.5,2,6,57,43,36,24,45.3,9.4
Ono CDP,93,54,39,56.3,52.5,56.8,3,16,72,50,36,32,41.9,17.2
Palo Cedro CDP,2931,1438,1493,47.5,48.3,46,101,689,2148,1180,985,763,50.9,23.5
Platina CDP,13,6,7,39.5,26,56.5,0,2,10,6,4,2,53.8,15.4
Redding city,93611,45210,48401,39.8,38.3,41.4,5277,20238,70116,31621,25734,19786,51.7,21.6
Round Mountain CDP,160,77,83,54.2,52.5,56.5,2,19,136,76,63,47,51.9,11.9
Shasta CDP,1043,550,493,54,54.2,53.6,24,181,837,495,406,279,47.3,17.4
Shasta Lake city,10371,5136,5235,41.4,39.9,42.9,568,2326,7731,3613,2798,1991,50.5,22.4
Shingletown CDP,2442,1247,1195,57.1,56.8,57.4,88,361,2037,1300,1080,799,48.9,14.8
Whitmore CDP,311,163,148,56.7,58.1,56.4,4,33,271,171,135,101,47.6,10.6
Sierra County,3236,1635,1601,53.9,52.8,55.2,129,538,2628,1574,1304,1001,49.5,16.6
Alleghany CDP,30,19,11,54.5,48.8,61.8,0,3,27,15,9,6,36.7,10
Calpine CDP,223,117,106,50.8,49.5,51,8,40,182,94,82,63,47.5,17.9
Downieville CDP,290,146,144,59.2,57.3,61.5,15,43,241,167,141,122,49.7,14.8
Goodyears Bar CDP,69,47,22,52.4,52.9,45,2,4,65,29,26,23,31.9,5.8
Loyalton city,740,373,367,48.3,46.3,51.2,21,145,569,331,273,211,49.6,19.6
Pike CDP,159,87,72,56.9,59.5,56.7,6,20,138,91,76,64,45.3,12.6
Sattley CDP,44,18,26,39,56.3,34,2,8,32,20,13,8,59.1,18.2
Sierra Brooks CDP,467,233,234,46.8,47.3,46.4,33,116,346,172,147,106,50.1,24.8
Sierra City CDP,235,133,102,57.5,59.2,56.3,2,9,218,134,104,82,43.4,3.8
Sierraville CDP,239,114,125,55.4,41.5,61.1,10,45,189,122,103,66,52.3,18.8
Verdi CDP,179,94,85,53.3,52.7,53.7,5,28,150,83,79,53,47.5,15.6
Siskiyou County,44076,21872,22204,48.5,46.7,50,2054,8486,34211,18905,15701,11790,50.4,19.3
Carrick CDP,143,90,53,52.1,50.8,54.5,8,28,114,62,49,31,37.1,19.6
Dorris city,860,432,428,36.9,34.8,39.6,63,236,606,276,213,153,49.8,27.4
Dunsmuir city,1707,862,845,47.9,48.1,47.7,86,302,1371,726,608,441,49.5,17.7
Edgewood CDP,72,34,38,38.5,39,34,4,23,48,24,24,16,52.8,31.9
Etna city,678,326,352,45.7,41.5,51.3,29,140,516,274,235,178,51.9,20.6
Fort Jones city,695,325,370,41.5,37.5,43.3,47,159,515,250,193,134,53.2,22.9
Gazelle CDP,95,36,59,42.6,42.5,42.7,7,20,69,37,35,28,62.1,21.1
Greenview CDP,208,94,114,51,50.5,52.5,13,50,156,97,80,66,54.8,24
Grenada CDP,314,166,148,48.8,51.8,46.5,15,60,241,138,126,97,47.1,19.1
Happy Camp CDP,905,454,451,49.7,49.2,50.9,47,171,712,408,329,242,49.8,18.9
Hornbrook CDP,266,155,111,51.2,53.8,40.5,9,49,208,117,90,57,41.7,18.4
Lake Shastina CDP,2401,1166,1235,52.1,50.3,53.9,110,442,1909,1129,936,710,51.4,18.4
McCloud CDP,945,447,498,60.1,58.9,60.7,34,116,811,547,474,360,52.7,12.3
Macdoel CDP,86,40,46,34.5,38.5,21.5,9,29,50,22,16,12,53.5,33.7
Montague city,1226,583,643,41.6,39.7,44.1,50,251,929,421,336,257,52.4,20.5
Mount Hebron CDP,103,59,44,43.8,34.5,50,7,18,84,27,25,19,42.7,17.5
Mount Shasta city,3223,1536,1687,50.3,48,52.4,119,535,2588,1422,1215,942,52.3,16.6
Tennant CDP,63,37,26,62.5,59.5,68.5,0,8,55,43,33,31,41.3,12.7
Tulelake city,902,457,445,30.2,28.9,30.8,88,309,553,190,144,103,49.3,34.3
Weed city,2862,1451,1411,35.7,34.2,37.5,158,590,2036,849,647,455,49.3,20.6
Yreka city,7807,3695,4112,41.1,39.1,43.5,433,1788,5767,2871,2349,1770,52.7,22.9
Solano County,453491,224784,228707,39,37.6,40.4,25069,98721,337875,136897,105588,75040,50.4,21.8
Allendale CDP,1651,807,844,51.3,48.3,52.7,66,283,1331,722,552,375,51.1,17.1
Benicia city,27131,12881,14250,45.8,43.9,47.5,1183,5360,20823,10255,8152,5872,52.5,19.8
Dixon city,18988,9353,9635,37,35.5,38.4,1136,4681,13591,5157,3873,2654,50.7,24.7
Elmira CDP,193,105,88,50.3,51.8,45,8,26,156,87,80,55,45.6,13.5
Fairfield city,119881,59009,60872,36.1,34.8,37.6,7453,29062,85922,31301,23559,16444,50.8,24.2
Green Valley CDP,1654,799,855,58.5,57.5,59.2,42,205,1410,938,764,594,51.7,12.4
Hartley CDP,2430,1197,1233,47,48.4,45.3,113,465,1895,947,717,520,50.7,19.1
Rio Vista city,10005,4756,5249,62.8,61.8,63.5,359,1185,8617,6166,5509,4517,52.5,11.8
Suisun City city,29518,14368,15150,36.7,35.5,38,1729,6876,21492,7985,5928,4013,51.3,23.3
Vacaville city,102386,53104,49282,38.4,37.5,39.5,5625,22080,76765,29416,22239,15674,48.1,21.6
Vallejo city,126090,61429,64661,39.8,38.2,41.2,6723,25833,95464,39170,30540,21706,51.3,20.5
Sonoma County,488863,238535,250328,42.6,40.9,44.3,22615,95711,376112,171112,136987,102022,51.2,19.6
Bloomfield CDP,338,164,174,51.8,49,55,12,46,279,163,131,94,51.5,13.6
Bodega CDP,211,100,111,58.3,48.8,61.9,15,29,180,114,101,75,52.6,13.7
Bodega Bay CDP,912,458,454,63.9,64.2,63.8,19,70,826,610,529,433,49.8,7.7
Boyes Hot Springs CDP,6215,3109,3106,39.8,37.8,42.3,339,1383,4611,1871,1471,1050,50,22.3
Carmet CDP,55,27,28,55.8,36.8,61,1,10,45,30,23,12,50.9,18.2
Cazadero CDP,298,131,167,53.8,51.8,55.8,12,45,243,142,119,87,56,15.1
Cloverdale city,8996,4451,4545,41.8,39.7,43.5,465,1916,6780,3085,2500,1881,50.5,21.3
Cotati city,7584,3611,3973,39.5,37.8,40.9,366,1482,5846,2277,1758,1200,52.4,19.5
Eldridge CDP,1312,632,680,40.8,38.2,44.4,61,289,982,471,386,280,51.8,22
El Verano CDP,3867,1939,1928,41.3,40.1,42.8,181,837,2886,1243,959,670,49.9,21.6
Fetters Hot Springs-Agua Caliente CDP,4233,2034,2199,38.6,36.7,40.1,231,1023,3014,1231,940,680,51.9,24.2
Forestville CDP,3264,1659,1605,50.1,47.2,52.4,128,518,2667,1425,1144,871,49.2,15.9
Fulton CDP,551,292,259,45.1,42,46.8,23,102,421,196,151,100,47,18.5
Geyserville CDP,861,450,411,45.9,44,48.4,37,164,670,339,266,197,47.7,19
Glen Ellen CDP,714,347,367,56.8,55.8,57.9,14,80,625,389,321,252,51.4,11.2
Graton CDP,1683,756,927,49.9,47.3,52.6,66,280,1359,729,618,484,55.1,16.6
Guerneville CDP,4552,2407,2145,49.9,50.1,49.5,151,654,3795,1961,1532,1067,47.1,14.4
Healdsburg city,11340,5517,5823,45.4,43.5,47.3,521,2156,8797,4360,3508,2654,51.3,19
Jenner CDP,122,58,64,63.8,67,57,1,5,117,82,69,55,52.5,4.1
Kenwood CDP,852,422,430,60.3,58.5,61.1,27,102,735,499,430,309,50.5,12
Larkfield-Wikiup CDP,8492,4167,4325,41.9,39.7,44.9,411,1857,6373,2988,2342,1678,50.9,21.9
Monte Rio CDP,1080,580,500,55.3,55.4,55,34,112,944,548,417,295,46.3,10.4
Occidental CDP,1132,583,549,54.3,52.1,55.5,33,168,935,558,477,355,48.5,14.8
Penngrove CDP,2637,1305,1332,49.2,47.1,50.7,120,498,2072,1075,840,648,50.5,18.9
Petaluma city,59776,28796,30980,43.4,41.7,44.9,2805,12217,45623,20661,16211,11951,51.8,20.4
Petaluma Center CDP,709,406,303,28.9,29.4,27.1,37,199,463,60,42,22,42.7,28.1
Rohnert Park city,44390,21531,22859,36.3,35.3,37.4,2358,8762,33762,12084,9204,6525,51.5,19.7
Salmon Creek CDP,111,57,54,58.8,59.5,58.7,3,10,98,58,54,44,48.6,9
Santa Rosa city,178127,86767,91360,39.9,38.2,41.5,9015,37586,134250,55597,44570,33398,51.3,21.1
Sea Ranch CDP,1169,532,637,68,68.6,67.7,21,63,1096,924,830,696,54.5,5.4
Sebastopol city,7521,3370,4151,50,46.8,51.9,244,1317,5990,3265,2760,2184,55.2,17.5
Sereno del Mar CDP,107,48,59,55.9,63.5,54.5,1,5,93,63,46,39,55.1,4.7
Sonoma city,10739,4853,5886,53.4,50.2,56,368,1688,8751,5163,4367,3495,54.8,15.7
Sonoma State University CDP,2679,976,1703,28.2,27.1,29.4,1,74,1934,83,42,2,63.6,2.8
Temelec CDP,1500,613,887,72.3,72.7,72,4,11,1487,1394,1301,1152,59.1,0.7
Timber Cove CDP,171,83,88,56.1,46.8,59.3,5,18,148,89,68,62,51.5,10.5
Valley Ford CDP,148,74,74,42,46.5,40.5,10,27,118,43,37,29,50,18.2
Windsor town,26344,12877,13467,42.2,40.5,43.8,1239,5871,19397,8651,6628,4682,51.1,22.3
Stanislaus County,552878,272558,280320,35.5,34.4,36.5,35390,144970,384444,143291,109703,78433,50.7,26.2
Airport CDP,1389,685,704,33.6,35.6,31.9,102,399,933,306,225,144,50.7,28.7
Bret Harte CDP,5135,2622,2513,30.1,29.7,30.3,397,1622,3230,873,618,399,48.9,31.6
Bystrom CDP,3957,2037,1920,31.3,30.8,31.6,316,1180,2563,837,632,434,48.5,29.8
Ceres city,49302,24668,24634,32.4,31.1,33.6,3258,14248,32666,10402,7678,5239,50,28.9
Cowan CDP,342,169,173,34,37.3,31.4,32,108,221,66,47,32,50.6,31.6
Crows Landing CDP,322,199,123,37,42.3,22.5,16,86,222,73,46,29,38.2,26.7
Del Rio CDP,1399,693,706,50.7,50,51,67,270,1083,606,479,353,50.5,19.3
Denair CDP,4865,2467,2398,37,36,37.8,301,1243,3441,1306,1024,736,49.3,25.5
Diablo Grande CDP,1669,847,822,38.4,37.6,38.9,122,426,1186,458,336,242,49.3,25.5
East Oakdale CDP,3201,1599,1602,51,49.7,52.8,107,616,2493,1445,1163,893,50,19.2
Empire CDP,4202,2176,2026,36.5,35.8,37.2,257,1043,2998,1055,777,502,48.2,24.8
Grayson CDP,1041,529,512,33.4,32.3,35,69,310,676,202,130,84,49.2,29.8
Hickman CDP,604,278,326,37.7,40.8,35.1,53,153,425,162,122,79,54,25.3
Hughson city,7481,3662,3819,35.6,34.4,36.6,464,2085,5072,1891,1473,1113,51,27.9
Keyes CDP,5672,2889,2783,32,31.6,32.3,432,1675,3729,1136,841,523,49.1,29.5
Knights Ferry CDP,112,51,61,41,23.3,48.1,10,34,70,35,31,30,54.5,30.4
La Grange CDP,166,72,94,42.1,32,46.3,11,39,117,43,33,26,56.6,23.5
Modesto city,218464,106266,112198,36.3,35.1,37.5,13701,54637,155273,59803,46452,33585,51.4,25
Monterey Park Tract CDP,164,79,85,26.6,26.8,26.5,10,49,110,34,23,12,51.8,29.9
Newman city,12351,6098,6253,32.4,31.5,33.4,885,3761,8021,2730,2008,1396,50.6,30.5
Oakdale city,23181,11220,11961,36.9,35.3,38.3,1511,6079,16235,6559,5108,3800,51.6,26.2
Orange Blossom CDP,1068,581,487,51.4,52.8,51,30,202,829,478,369,242,45.6,18.9
Parklawn CDP,1249,619,630,32,31.1,33.1,113,373,808,274,202,130,50.4,29.9
Patterson city,23781,11830,11951,33.7,32.8,34.6,1511,6868,15717,5042,3719,2538,50.3,28.9
Riverbank city,24865,12225,12640,34.3,33,35.3,1647,6994,16801,5585,4117,2861,50.8,28.1
Riverdale Park CDP,1053,541,512,37.5,38.1,37.3,63,257,752,289,205,143,48.6,24.4
Rouse CDP,1913,1019,894,30.8,30.5,30.9,136,578,1251,395,290,194,46.7,30.2
Salida CDP,13886,6936,6950,34.4,33.9,35,920,3802,9424,3160,2237,1476,50.1,27.4
Turlock city,72740,35212,37528,35.1,33.7,36.4,4630,18038,51242,19092,14773,10934,51.6,24.8
Valley Home CDP,284,158,126,50.3,46.3,55.2,8,57,224,117,95,75,44.4,20.1
Waterford city,9120,4485,4635,32.1,31.9,32.3,681,2714,6006,2026,1461,940,50.8,29.8
Westley CDP,575,303,272,24.3,24.5,23,69,246,308,77,44,33,47.3,42.8
West Modesto CDP,5965,3060,2905,31.6,31.2,32.2,462,1818,3870,1291,938,628,48.7,30.5
Sutter County,99633,49585,50048,36.9,35.4,38.5,6255,25052,70559,28226,21920,15951,50.2,25.1
East Nicolaus CDP,223,108,115,48.3,48.6,47.3,12,33,179,90,73,62,51.6,14.8
Live Oak city,9106,4475,4631,33.8,33,34.6,614,2580,6098,2247,1733,1225,50.9,28.3
Meridian CDP,304,142,162,47.6,47.4,48,14,62,232,116,94,63,53.3,20.4
Nicolaus CDP,176,89,87,50.5,53.5,37.5,8,33,135,73,58,49,49.4,18.8
Rio Oso CDP,372,190,182,40.4,43.5,38.3,20,96,254,142,116,60,48.9,25.8
Robbins CDP,347,181,166,36.9,40.1,36,15,84,253,84,55,35,47.8,24.2
Sutter CDP,2997,1510,1487,38.6,37.3,39.6,179,750,2165,899,671,437,49.6,25
Trowbridge CDP,229,131,98,39.2,37.6,45.5,7,46,175,76,57,48,42.8,20.1
Yuba City city,70117,34745,35372,36.1,34.4,38,4548,17788,49472,19134,14810,10819,50.4,25.4
Tehama County,65829,32827,33002,40.4,39.3,41.6,3861,15978,47587,22523,17813,13165,50.1,24.3
Bend CDP,603,286,317,54.5,56,54.3,30,122,466,296,227,177,52.6,20.2
Corning city,8244,4022,4222,32.3,30.7,33.7,579,2494,5382,1946,1473,1024,51.2,30.3
Dales CDP,28,17,11,63.3,63.8,50.5,0,3,25,15,15,9,39.3,10.7
Flournoy CDP,117,66,51,39.8,42,27.9,6,28,82,36,30,21,43.6,23.9
Gerber CDP,1044,520,524,32.4,29.6,36.5,66,297,689,243,173,118,50.2,28.4
Lake California CDP,3377,1702,1675,40.6,39.3,41.9,187,860,2426,1135,948,735,49.6,25.5
Las Flores CDP,190,101,89,39.4,46.3,36.3,7,51,135,67,53,42,46.8,26.8
Los Molinos CDP,2098,1094,1004,44.1,43.1,45.3,122,487,1555,752,593,449,47.9,23.2
Manton CDP,310,162,148,53.8,55.5,51.4,23,62,244,152,118,89,47.7,20
Mineral CDP,136,75,61,59.8,44.5,65.5,3,10,125,73,67,53,44.9,7.4
Paskenta CDP,110,42,68,49.7,47.3,52,0,17,89,43,38,24,61.8,15.5
Paynes Creek CDP,54,23,31,54,43.5,55.5,0,8,44,27,19,12,57.4,14.8
Proberta CDP,237,115,122,36.5,27.8,47,16,62,169,73,58,44,51.5,26.2
Rancho Tehama Reserve CDP,1572,824,748,45.9,47.3,43.3,51,316,1220,620,474,345,47.6,20.1
Red Bluff city,14710,7059,7651,35.3,33,37.4,968,3842,10245,4244,3334,2490,52,26.1
Richfield CDP,309,147,162,37.2,35.9,39.5,32,95,210,85,62,42,52.4,30.7
Tehama city,435,210,225,45.1,42,45.7,28,85,333,171,146,105,51.7,19.5
Vina CDP,198,110,88,51,44,61,7,32,157,90,84,57,44.4,16.2
Trinity County,16112,9068,7044,47.6,46.6,48.8,711,2693,13031,6664,5466,4006,43.7,16.7
Burnt Ranch CDP,250,144,106,48,48.3,44.5,10,39,206,109,85,62,42.4,15.6
Coffee Creek CDP,152,69,83,58.3,62.9,54.8,3,23,126,82,73,48,54.6,15.1
Douglas City CDP,868,481,387,51.9,53.6,50.6,49,153,705,392,330,235,44.6,17.6
Hayfork CDP,2324,1286,1038,43.9,43.4,45.2,140,442,1824,860,694,497,44.7,19
Hyampom CDP,241,149,92,42.6,52.3,40,7,25,211,102,92,77,38.2,10.4
Junction City CDP,658,357,301,52,49.9,55.3,18,79,568,304,269,206,45.7,12
Lewiston CDP,1222,631,591,53.4,50.8,55.1,63,214,985,583,475,344,48.4,17.5
Mad River CDP,361,190,171,54.9,55,54.9,10,43,315,180,134,91,47.4,11.9
Post Mountain CDP,3032,2080,952,42.2,42.7,39.9,110,388,2546,1018,783,509,31.4,12.8
Ruth CDP,254,129,125,61.5,60.5,62.5,10,52,197,135,131,101,49.2,20.5
Salyer CDP,389,195,194,54.2,50.8,58.5,11,72,305,192,173,128,49.9,18.5
Trinity Center CDP,198,102,96,59.4,54,62,3,23,174,114,96,80,48.5,11.6
Trinity Village CDP,278,159,119,57.5,55.8,59.1,6,47,230,150,125,91,42.8,16.9
Weaverville CDP,3667,1823,1844,44.1,42.6,45,199,801,2761,1370,1117,823,50.3,21.8
Tulare County,473117,234710,238407,32.3,31.4,33.1,33927,142024,309281,106889,81247,57838,50.4,30
Allensworth CDP,531,251,280,27.8,29.3,25.5,44,204,306,92,73,38,52.7,38.4
Alpaugh CDP,871,451,420,24.9,24.8,24.9,82,346,485,144,91,57,48.2,39.7
California Hot Springs CDP,50,24,26,66.5,66.8,65.5,0,6,44,37,30,29,52,12
Camp Nelson CDP,106,46,60,63.3,65,63.3,0,4,102,80,66,48,56.6,3.8
Cedar Slope CDP,10,8,2,39,45,17.5,0,2,7,1,1,1,20,20
Cutler CDP,4480,2248,2232,28.3,28.3,28.3,375,1549,2697,783,559,391,49.8,34.6
Delft Colony CDP,412,232,180,25.5,24,26.8,36,132,255,64,38,27,43.7,32
Dinuba city,24563,12174,12389,29.7,29,30.5,1845,8014,15370,4672,3435,2436,50.4,32.6
Ducor CDP,616,300,316,28.1,27.5,29.8,62,208,365,115,86,66,51.3,33.8
Earlimart CDP,7679,3769,3910,28.1,27.6,28.8,592,2592,4611,1411,1026,689,50.9,33.8
East Orosi CDP,423,216,207,30.3,35.3,26.5,35,153,258,73,58,30,48.9,36.2
East Porterville CDP,5549,2821,2728,28.2,28,28.4,478,1839,3408,1120,809,565,49.2,33.1
East Tulare Villa CDP,773,391,382,30.6,29.8,31.6,58,246,491,174,120,98,49.4,31.8
El Monte Mobile Village CDP,156,94,62,35.4,35.7,34.3,10,40,116,28,14,12,39.7,25.6
El Rancho CDP,96,41,55,38.8,45.8,38.6,13,30,61,27,18,5,57.3,31.3
Exeter city,10321,4999,5322,35,33.7,36.1,664,2792,7085,2676,2138,1555,51.6,27.1
Farmersville city,10397,5148,5249,29.4,28.2,30.2,747,3386,6442,1912,1401,966,50.5,32.6
Goshen CDP,4968,2480,2488,27.3,26,28.6,446,1877,2854,730,540,349,50.1,37.8
Hartland CDP,69,49,20,38.1,36.8,42.5,3,18,47,18,15,8,29,26.1
Hypericum CDP,125,56,69,30.5,31,29.5,11,41,78,21,21,13,55.2,32.8
Idlewild CDP,32,18,14,64,63.8,66.5,0,1,31,24,23,15,43.8,3.1
Ivanhoe CDP,4468,2237,2231,31.1,29.5,32.8,335,1384,2831,998,717,486,49.9,31
Jovista CDP,41,12,29,35.8,20.5,38.8,3,17,24,8,4,4,70.7,41.5
Kennedy Meadows CDP,58,31,27,61.5,62.5,60.5,1,5,50,33,30,26,46.6,8.6
Lemon Cove CDP,298,140,158,39.5,41,38.9,17,70,223,101,79,57,53,23.5
Lindcove CDP,189,99,90,40.2,39.3,42,10,47,135,61,54,38,47.6,24.9
Lindsay city,12659,6205,6454,28.2,26.9,29.3,1084,4371,7672,2288,1714,1191,51,34.5
Linnell Camp CDP,696,324,372,24.5,21.8,25.8,56,279,379,108,73,44,53.4,40.1
London CDP,1518,808,710,29.6,29.6,29.4,108,500,943,293,211,141,46.8,32.9
McClenney Tract CDP,15,4,11,65.3,66.3,62.3,0,1,14,13,12,8,73.3,6.7
Matheny CDP,1125,617,508,31.1,32.9,29.9,94,353,728,226,159,124,45.2,31.4
Monson CDP,152,59,93,32.5,28.8,33.5,12,53,94,32,21,18,61.2,34.9
Orosi CDP,8329,4167,4162,30.4,29.9,30.8,588,2563,5332,1733,1241,869,50,30.8
Panorama Heights CDP,44,27,17,55,52.9,57.5,0,7,37,22,17,15,38.6,15.9
Patterson Tract CDP,1888,922,966,32.2,31,33.1,144,585,1212,436,344,250,51.2,31
Pierpoint CDP,59,34,25,68.9,75.1,67.9,5,12,47,43,42,39,42.4,20.3
Pine Flat CDP,206,121,85,59.4,62.3,55.3,5,24,179,112,99,86,41.3,11.7
Pixley CDP,3828,1892,1936,26.5,25.7,27.5,279,1385,2259,582,417,270,50.6,36.2
Plainview CDP,846,406,440,26.5,25.9,27.7,69,294,498,166,118,79,52,34.8
Ponderosa CDP,51,34,17,62.5,57,62.5,3,7,44,29,26,21,33.3,13.7
Poplar-Cotton Center CDP,2370,1189,1181,29.6,28.4,31.6,184,739,1509,521,409,291,49.8,31.2
Porterville city,62623,30864,31759,30.5,29.4,31.6,4830,20028,39531,13215,10040,7133,50.7,32
Posey CDP,23,14,9,66.5,70.3,63.5,0,1,22,19,19,16,39.1,4.3
Poso Park CDP,9,3,6,72.3,24.5,74,0,0,8,7,7,7,66.7,0
Richgrove CDP,2358,1220,1138,28.2,26.4,30.1,194,825,1418,451,318,196,48.3,35
Rodriguez Camp CDP,133,64,69,23.6,23,28.1,9,56,73,18,16,13,51.9,42.1
Sequoia Crest CDP,24,14,10,54.5,53.5,63.5,1,2,22,12,10,7,41.7,8.3
Seville CDP,446,221,225,27.1,29.1,25.8,39,147,264,76,51,38,50.4,33
Silver City CDP,0,0,0,NA,NA,NA,0,0,0,0,0,0,NA,NA
Springville CDP,967,461,506,50.7,46.9,54.6,53,195,754,439,357,251,52.3,20.2
Strathmore CDP,2830,1384,1446,29,30.1,28.7,231,937,1764,547,404,296,51.1,33.1
Sugarloaf Saw Mill CDP,14,7,7,57.5,57.3,58.5,0,1,13,8,5,2,50,7.1
Sugarloaf Village CDP,7,6,1,76.8,76.5,81.5,0,0,7,5,5,5,14.3,0
Sultana CDP,779,423,356,28.8,30.8,27.8,54,271,475,134,101,68,45.7,34.8
Terra Bella CDP,2910,1490,1420,29.2,28.8,29.6,203,942,1803,557,421,293,48.8,32.4
Teviston CDP,1185,609,576,27.4,28.3,26.5,86,429,701,205,160,99,48.6,36.2
Three Rivers CDP,2053,993,1060,56.4,56.7,56.2,65,290,1722,1071,909,682,51.6,14.1
Tipton CDP,2519,1292,1227,27.4,27,27.7,207,868,1516,379,268,177,48.7,34.5
Tonyville CDP,329,176,153,28.9,29,25.8,26,123,193,52,43,39,46.5,37.4
Tooleville CDP,286,118,168,27.5,27,29.3,23,104,166,55,25,16,58.7,36.4
Traver CDP,731,371,360,27.1,28.5,25.9,62,243,444,132,78,58,49.2,33.2
Tulare city,68875,33897,34978,31.1,30.3,32.1,5152,21147,44452,14151,10542,7393,50.8,30.7
Visalia city,141384,69153,72231,34.1,33.2,34.9,9376,39433,96137,33820,26103,18866,51.1,27.9
Waukena CDP,80,41,39,42,42.3,41.8,0,11,64,22,14,11,48.8,13.8
West Goshen CDP,536,307,229,29.4,30.6,28.2,43,165,350,112,72,47,42.7,30.8
Wilsonia CDP,14,10,4,41,34,56.5,1,1,10,5,2,1,28.6,7.1
Woodlake city,7419,3674,3745,30.2,30,30.5,594,2352,4721,1587,1194,827,50.5,31.7
Woodville CDP,1680,886,794,31.3,31.3,31.3,126,518,1059,339,249,167,47.3,30.8
Woodville Farm Labor Camp CDP,729,350,379,22.7,22.5,22.8,69,291,385,96,57,37,52,39.9
Yettem CDP,201,129,72,24.9,26.9,22.5,29,65,119,23,15,13,35.8,32.3
Tuolumne County,55620,28790,26830,48.9,45.9,51.7,2360,9352,44700,24061,20027,15053,48.2,16.8
Cedar Ridge CDP,1235,630,605,50.7,48.2,52.6,51,216,979,569,469,341,49,17.5
Chinese Camp CDP,90,44,46,41.5,32.5,55.3,7,19,69,40,31,26,51.1,21.1
Cold Springs CDP,123,69,54,62.7,62.3,63,4,10,112,76,73,50,43.9,8.1
Columbia CDP,2577,1215,1362,50.3,47.1,52.1,94,443,2019,1166,993,772,52.9,17.2
East Sonora CDP,2431,1054,1377,62.3,57.3,65.6,89,305,2071,1447,1310,1109,56.6,12.5
Groveland CDP,540,297,243,46.8,46.8,47.5,27,96,432,230,188,150,45,17.8
Jamestown CDP,3478,1662,1816,50.4,47.2,53.3,171,681,2708,1569,1332,1013,52.2,19.6
Long Barn CDP,162,77,85,58.5,58.6,58.4,2,22,138,96,68,48,52.5,13.6
Mi-Wuk Village CDP,935,481,454,55.3,58.3,54,36,125,794,474,385,280,48.6,13.4
Mono Vista CDP,3236,1628,1608,42.1,41.9,42.4,188,714,2426,1196,943,699,49.7,22.1
Phoenix Lake CDP,4264,2086,2178,55.2,55.3,55,165,728,3434,2141,1855,1457,51.1,17.1
Pine Mountain Lake CDP,2636,1358,1278,63.2,62.6,63.9,81,257,2327,1692,1488,1233,48.5,9.7
Sierra Village CDP,411,243,168,48.4,50.4,36.5,11,68,320,179,161,117,40.9,16.5
Sonora city,5003,2336,2667,41.4,38.6,44,232,942,3868,1737,1450,1088,53.3,18.8
Soulsbyville CDP,2092,1051,1041,45.2,44.3,46.3,93,426,1601,844,683,478,49.8,20.4
Strawberry CDP,87,37,50,63.4,64.5,63,6,14,71,55,47,39,57.5,16.1
Tuolumne City CDP,1798,876,922,41.8,38.9,43.8,120,404,1344,601,460,342,51.3,22.5
Tuttletown CDP,787,381,406,52.5,51.8,53.7,33,137,628,378,295,217,51.6,17.4
Twain Harte CDP,2378,1192,1186,53.2,54.3,52.4,95,378,1927,1135,958,744,49.9,15.9
Ventura County,843843,414453,429390,39.5,38.1,40.8,43544,187645,621672,256681,198153,142526,50.9,22.2
Bell Canyon CDP,1946,964,982,48.7,48.8,48.6,62,383,1480,794,618,461,50.5,19.7
Camarillo city,70741,33986,36755,42.8,40.5,44.9,3474,14421,53898,24927,20025,15300,52,20.4
Casa Conejo CDP,3267,1645,1622,39.2,38.5,40.1,168,750,2383,940,683,494,49.6,23
Channel Islands Beach CDP,2870,1458,1412,51.8,51.5,52.1,84,364,2452,1291,1011,726,49.2,12.7
El Rio CDP,7037,3612,3425,32.7,32.1,33.5,453,1973,4739,1545,1158,826,48.7,28
Fillmore city,16419,8098,8321,34.6,34.3,35,1051,4433,11211,3821,2841,2026,50.7,27
Lake Sherwood CDP,1759,889,870,52.4,52.4,52.4,47,315,1367,804,601,451,49.5,17.9
Meiners Oaks CDP,3911,1940,1971,44.3,43.4,45.4,182,802,2985,1474,1206,874,50.4,20.5
Mira Monte CDP,6618,3132,3486,51.7,49.3,54.3,254,1089,5324,3037,2477,1903,52.7,16.5
Moorpark city,36284,17789,18495,39.3,38.6,40,2012,8509,26360,10632,7874,5180,51,23.5
Oak Park CDP,13898,6681,7217,43.7,43.2,44.1,602,3215,10198,4515,3301,2126,51.9,23.1
Oak View CDP,6215,3025,3190,43.3,42.3,44,302,1278,4744,2195,1791,1273,51.3,20.6
Ojai city,7637,3508,4129,49.7,47,51.5,327,1342,6077,3274,2745,2074,54.1,17.6
Oxnard city,202063,100815,101248,33.7,32.8,34.6,12546,52660,140336,46467,34898,24297,50.1,26.1
Piru CDP,2587,1337,1250,32.5,32.2,32.7,167,741,1702,566,411,284,48.3,28.6
Port Hueneme city,21954,10872,11082,34.9,33.1,36.6,1362,5035,15923,5835,4569,3259,50.5,22.9
San Buenaventura (Ventura) city,110763,53791,56972,41.4,40,42.8,5278,22217,84904,36604,28580,20745,51.4,20.1
Santa Paula city,30657,15286,15371,35,33.9,36,1900,8104,21197,7636,5902,4270,50.1,26.4
Santa Rosa Valley CDP,3312,1648,1664,52.1,51.7,52.5,108,613,2596,1536,1208,835,50.2,18.5
Santa Susana CDP,1160,581,579,49.1,47.3,50.4,48,213,932,464,343,246,49.9,18.4
Saticoy CDP,1133,594,539,32.3,30.8,33.4,83,339,743,216,150,105,47.6,29.9
Simi Valley city,126356,61947,64409,41.5,40,43.1,6092,26130,95396,39635,29990,21072,51,20.7
Somis CDP,1429,722,707,42.5,41.1,44.6,72,297,1073,534,430,301,49.5,20.8
Thousand Oaks city,126966,61693,65273,45,43.2,46.4,5214,25289,95957,45436,35459,26294,51.4,19.9
Yolo County,216403,104292,112111,33.3,32.5,34.1,11307,45147,153635,53788,41684,30209,51.8,20.9
Brooks CDP,31,21,10,40.9,40.6,46.5,0,6,24,8,7,5,32.3,19.4
Clarksburg CDP,402,206,196,44.7,43.7,45,19,82,302,147,121,84,48.8,20.4
Davis city,66850,31480,35370,28.1,28,28.2,2597,10709,49115,15301,12245,9272,52.9,16
Dunnigan CDP,1382,694,688,41.8,41.6,42,54,311,1009,501,396,288,49.8,22.5
El Macero CDP,1074,527,547,58,56.1,59.5,31,174,873,586,506,420,50.9,16.2
Esparto CDP,3572,1742,1830,34.6,34.8,34.4,257,989,2420,913,684,499,51.2,27.7
Guinda CDP,245,119,126,54.8,52.6,56.3,18,46,193,121,100,69,51.4,18.8
Knights Landing CDP,1117,550,567,37.7,36.2,39.1,74,282,781,315,216,161,50.8,25.2
Madison CDP,581,309,272,31.8,32.2,31.6,34,173,379,143,118,75,46.8,29.8
Monument Hills CDP,1702,839,863,46.4,47.6,44.8,76,383,1266,632,492,330,50.7,22.5
Rumsey CDP,91,33,58,55.1,39.8,55.3,4,13,77,46,35,31,63.7,14.3
Tancred CDP,89,63,26,36.5,38.5,34.5,5,28,59,32,25,22,29.2,31.5
University of California-Davis CDP,8525,3697,4828,19.7,20.1,19.5,174,341,2853,104,81,53,56.6,4
West Sacramento city,53915,26352,27563,36.6,35.8,37.4,3413,13287,38858,13125,9892,6850,51.1,24.6
Winters city,7115,3527,3588,37.7,36.2,39.3,454,1765,5102,1999,1486,1037,50.4,24.8
Woodland city,61032,29721,31311,37,35.4,38.5,3694,14759,43836,16619,12760,9154,51.3,24.2
Yolo CDP,425,212,213,42.6,40.5,47.2,25,101,312,138,111,79,50.1,23.8
Yuba County,81575,41063,40512,34.3,33.3,35.3,5905,22030,56221,20543,15664,10915,49.7,27
Beale AFB CDP,1303,615,688,22.3,23.3,21.3,218,563,669,32,28,13,52.8,43.2
Camptonville CDP,158,78,80,47.3,45.5,47.8,7,34,121,62,40,24,50.6,21.5
Challenge-Brownsville CDP,1161,584,577,53.3,53,53.9,59,240,900,530,436,313,49.7,20.7
Dobbins CDP,551,299,252,55.9,58.5,53,26,92,449,284,236,176,45.7,16.7
Linda CDP,21654,10885,10769,31.5,30.4,32.6,1788,6451,14370,4433,3276,2243,49.7,29.8
Loma Rica CDP,2409,1203,1206,48.9,47.1,50.8,110,458,1872,1031,818,600,50.1,19
Marysville city,12844,6411,6433,33.8,32.5,35.2,892,3102,9294,3336,2579,1815,50.1,24.2
Olivehurst CDP,16595,8271,8324,32.3,31.5,33.2,1293,4991,10887,3623,2699,1778,50.2,30.1
Plumas Lake CDP,8126,4095,4031,32.8,32.1,33.4,663,2686,5157,1349,951,626,49.6,33.1
Smartsville CDP,185,93,92,44.8,42.8,46.3,11,38,142,53,40,29,49.7,20.5
Wheatland city,3712,1808,1904,35.1,33.6,36.4,244,1010,2556,941,694,484,51.3,27.2
NA,NA,NA,NA,NA,NA,NA,NA,NA,NA,NA,NA,NA,NA,NA
* Average household size and other data describing complex relationships between households and the people living in them will be released with the Supplemental Demographic and Housing Characteristics File (S-DHC). The U.S. Census Bureau has not determined the release date for S-DHC yet.,NA,NA,NA,NA,NA,NA,NA,NA,NA,NA,NA,NA,NA,NA
